    6    2    0    0    0    0    0    0    0    0    0    0    0    .000    .00
    1    0    8    0    0    0      .000      .000      .000      .000      .000
    30.000    30.000    94.466      .000      .000      .000    0
    990.000  1090.000     5.000
0
      .000    60.000      .000      .000      .000      .000      .000      .000
 14000.000 34000.000   100.000
    0
  FREQ   TRANS     ATMOS   PATH     SINGLE   GROUND DIRECT   TOTAL RAD
 14000.   .3978 8.01E-31 2.10E-07 4.03E-08 1.19E-07 2.96E-08 3.29E-07   .0643   .3607           9.218E-01
 14100.   .3969 4.97E-31 2.12E-07 4.06E-08 1.19E-07 2.92E-08 3.32E-07   .0635   .3595           9.240E-01
 14200.   .3918 3.07E-31 2.10E-07 4.08E-08 1.16E-07 2.83E-08 3.26E-07   .0614   .3529           9.370E-01
 14300.   .3765 1.85E-31 1.90E-07 3.97E-08 1.04E-07 2.58E-08 2.94E-07   .0564   .3331           9.768E-01
 14400.   .3697 1.14E-31 1.86E-07 3.96E-08 9.99E-08 2.48E-08 2.86E-07   .0540   .3239           9.951E-01
 14500.   .3481 6.58E-32 1.60E-07 3.65E-08 8.65E-08 2.19E-08 2.46E-07   .0480   .2900           1.055E+00
 14600.   .3903 4.56E-32 2.22E-07 4.22E-08 1.17E-07 2.64E-08 3.39E-07   .0585   .3507           9.409E-01
 14700.   .3870 2.82E-32 2.26E-07 4.30E-08 1.17E-07 2.59E-08 3.43E-07   .0568   .3465           9.493E-01
 14800.   .3832 1.74E-32 2.27E-07 4.32E-08 1.15E-07 2.50E-08 3.41E-07   .0550   .3415           9.592E-01
 14900.   .3790 1.08E-32 2.25E-07 4.30E-08 1.12E-07 2.39E-08 3.37E-07   .0531   .3360           9.701E-01
 15000.   .3745 6.66E-33 2.26E-07 4.33E-08 1.10E-07 2.31E-08 3.36E-07   .0512   .3299           9.821E-01
 15100.   .3702 4.12E-33 2.26E-07 4.34E-08 1.07E-07 2.23E-08 3.34E-07   .0494   .3243           9.936E-01
 15200.   .3623 2.53E-33 2.04E-07 3.96E-08 9.40E-08 1.92E-08 2.98E-07   .0467   .3139           1.015E+00
 15300.   .3570 1.56E-33 2.20E-07 4.31E-08 9.94E-08 2.01E-08 3.20E-07   .0447   .3071           1.030E+00
 15400.   .3487 9.55E-34 2.07E-07 4.17E-08 9.13E-08 1.83E-08 2.99E-07   .0421   .2964           1.053E+00
 15500.   .3530 5.98E-34 2.25E-07 4.38E-08 9.82E-08 1.91E-08 3.23E-07   .0427   .3015           1.041E+00
 15600.   .3513 3.70E-34 2.23E-07 4.33E-08 9.59E-08 1.83E-08 3.18E-07   .0418   .2990           1.046E+00
 15700.   .3469 2.28E-34 2.24E-07 4.39E-08 9.47E-08 1.78E-08 3.19E-07   .0401   .2927           1.059E+00
 15800.   .3420 1.41E-34 2.20E-07 4.32E-08 9.07E-08 1.68E-08 3.11E-07   .0385   .2856           1.073E+00
 15900.   .3336 8.61E-35 2.19E-07 4.32E-08 8.73E-08 1.60E-08 3.06E-07   .0362   .2746           1.098E+00
 16000.   .3381 5.37E-35 2.16E-07 4.27E-08 8.68E-08 1.55E-08 3.03E-07   .0367   .2804           1.084E+00
 16100.   .3348 3.31E-35 2.23E-07 4.41E-08 8.78E-08 1.55E-08 3.10E-07   .0356   .2761           1.094E+00
 16200.   .3315 2.05E-35 2.17E-07 4.31E-08 8.39E-08 1.46E-08 3.01E-07   .0345   .2718           1.104E+00
 16300.   .3283 1.26E-35 2.15E-07 4.29E-08 8.19E-08 1.40E-08 2.97E-07   .0334   .2674           1.114E+00
 16400.   .3251 7.78E-36 2.18E-07 4.37E-08 8.17E-08 1.37E-08 3.00E-07   .0324   .2630           1.124E+00
 16500.   .3220 4.80E-36 2.20E-07 4.42E-08 8.08E-08 1.34E-08 3.01E-07   .0314   .2590           1.133E+00
 16600.   .3183 2.96E-36 2.13E-07 4.30E-08 7.67E-08 1.25E-08 2.90E-07   .0303   .2544           1.145E+00
 16700.   .3111 1.81E-36 2.12E-07 4.36E-08 7.42E-08 1.20E-08 2.86E-07   .0288   .2474           1.168E+00
 16800.   .3024 1.10E-36 2.02E-07 4.35E-08 6.91E-08 1.12E-08 2.71E-07   .0271   .2386           1.196E+00
 16900.   .2991 6.78E-37 2.01E-07 4.36E-08 6.74E-08 1.08E-08 2.68E-07   .0262   .2350           1.207E+00
 17000.   .2995 4.22E-37 2.05E-07 4.37E-08 6.78E-08 1.06E-08 2.73E-07   .0261   .2358           1.206E+00
 17100.   .3050 2.62E-37 2.21E-07 4.56E-08 7.33E-08 1.11E-08 2.95E-07   .0268   .2421           1.187E+00
 17200.   .3028 1.62E-37 2.22E-07 4.58E-08 7.24E-08 1.08E-08 2.94E-07   .0262   .2395           1.195E+00
 17300.   .2996 9.83E-38 2.15E-07 4.47E-08 6.90E-08 1.02E-08 2.84E-07   .0254   .2356           1.205E+00
 17400.   .2946 6.03E-38 2.16E-07 4.54E-08 6.76E-08 9.85E-09 2.83E-07   .0243   .2298           1.222E+00
 17500.   .2937 0.00E+00 2.12E-07 4.45E-08 6.55E-08 9.39E-09 2.77E-07   .0240   .2293           1.225E+00
 17600.   .2909 0.00E+00 2.12E-07 4.48E-08 6.45E-08 9.13E-09 2.77E-07   .0234   .2266           1.235E+00
 17700.   .2908 0.00E+00 2.13E-07 4.50E-08 6.43E-08 8.94E-09 2.77E-07   .0232   .2273           1.235E+00
 17800.   .2887 0.00E+00 2.13E-07 4.51E-08 6.33E-08 8.68E-09 2.76E-07   .0228   .2257           1.242E+00
 17900.   .2866 0.00E+00 2.08E-07 4.42E-08 6.07E-08 8.22E-09 2.68E-07   .0223   .2240           1.250E+00
 18000.   .2844 0.00E+00 2.19E-07 4.68E-08 6.31E-08 8.41E-09 2.82E-07   .0219   .2223           1.257E+00
 18100.   .2823 0.00E+00 2.14E-07 4.59E-08 6.06E-08 7.97E-09 2.74E-07   .0214   .2205           1.265E+00
 18200.   .2800 0.00E+00 2.18E-07 4.70E-08 6.09E-08 7.88E-09 2.79E-07   .0209   .2185           1.273E+00
 18300.   .2767 0.00E+00 2.16E-07 4.67E-08 5.90E-08 7.49E-09 2.75E-07   .0202   .2156           1.285E+00
 18400.   .2736 0.00E+00 2.15E-07 4.65E-08 5.74E-08 7.14E-09 2.72E-07   .0196   .2128           1.296E+00
 18500.   .2704 0.00E+00 2.03E-07 4.41E-08 5.32E-08 6.49E-09 2.56E-07   .0189   .2098           1.308E+00
 18600.   .2673 0.00E+00 2.15E-07 4.67E-08 5.51E-08 6.58E-09 2.70E-07   .0183   .2068           1.319E+00
 18700.   .2643 0.00E+00 2.14E-07 4.67E-08 5.38E-08 6.30E-09 2.68E-07   .0177   .2039           1.331E+00
 18800.   .2613 0.00E+00 2.11E-07 4.62E-08 5.20E-08 5.97E-09 2.63E-07   .0171   .2011           1.342E+00
 18900.   .2584 0.00E+00 2.15E-07 4.72E-08 5.19E-08 5.84E-09 2.67E-07   .0166   .1987           1.353E+00
 19000.   .2556 0.00E+00 1.93E-07 4.24E-08 4.56E-08 5.03E-09 2.38E-07   .0161   .1963           1.364E+00
 19100.   .2528 0.00E+00 2.13E-07 4.70E-08 4.93E-08 5.34E-09 2.62E-07   .0156   .1938           1.375E+00
 19200.   .2500 0.00E+00 2.08E-07 4.60E-08 4.72E-08 5.01E-09 2.55E-07   .0151   .1913           1.386E+00
 19300.   .2473 0.00E+00 1.87E-07 4.14E-08 4.16E-08 4.33E-09 2.28E-07   .0146   .1888           1.397E+00
 19400.   .2446 0.00E+00 2.10E-07 4.69E-08 4.60E-08 4.69E-09 2.56E-07   .0141   .1863           1.408E+00
 19500.   .2419 0.00E+00 2.05E-07 4.59E-08 4.40E-08 4.40E-09 2.49E-07   .0137   .1834           1.419E+00
 19600.   .2392 0.00E+00 2.13E-07 4.77E-08 4.47E-08 4.39E-09 2.57E-07   .0132   .1806           1.431E+00
 19700.   .2365 0.00E+00 2.09E-07 4.70E-08 4.30E-08 4.15E-09 2.52E-07   .0128   .1777           1.442E+00
 19800.   .2339 0.00E+00 2.11E-07 4.76E-08 4.25E-08 4.02E-09 2.53E-07   .0124   .1749           1.453E+00
 19900.   .2314 0.00E+00 2.06E-07 4.67E-08 4.08E-08 3.79E-09 2.47E-07   .0120   .1727           1.464E+00
 20000.   .2290 0.00E+00 2.09E-07 4.76E-08 4.07E-08 3.71E-09 2.50E-07   .0116   .1705           1.474E+00
 20100.   .2266 0.00E+00 2.17E-07 4.97E-08 4.15E-08 3.71E-09 2.59E-07   .0113   .1683           1.485E+00
 20200.   .2242 0.00E+00 2.15E-07 4.93E-08 4.03E-08 3.53E-09 2.55E-07   .0110   .1661           1.495E+00
 20300.   .2218 0.00E+00 2.03E-07 4.67E-08 3.73E-08 3.21E-09 2.40E-07   .0106   .1636           1.506E+00
 20400.   .2194 0.00E+00 2.14E-07 4.95E-08 3.87E-08 3.27E-09 2.53E-07   .0103   .1612           1.517E+00
 20500.   .2170 0.00E+00 1.99E-07 4.62E-08 3.52E-08 2.92E-09 2.34E-07   .0099   .1584           1.528E+00
 20600.   .2147 0.00E+00 1.94E-07 4.53E-08 3.38E-08 2.75E-09 2.28E-07   .0096   .1558           1.539E+00
 20700.   .2124 0.00E+00 2.12E-07 4.96E-08 3.62E-08 2.89E-09 2.48E-07   .0093   .1534           1.549E+00
 20800.   .2101 0.00E+00 2.14E-07 5.03E-08 3.59E-08 2.82E-09 2.50E-07   .0090   .1510           1.560E+00
 20900.   .2079 0.00E+00 2.10E-07 4.95E-08 3.45E-08 2.66E-09 2.45E-07   .0087   .1488           1.571E+00
 21000.   .2058 0.00E+00 2.04E-07 4.82E-08 3.28E-08 2.48E-09 2.36E-07   .0085   .1466           1.581E+00
 21100.   .2036 0.00E+00 2.08E-07 4.95E-08 3.30E-08 2.45E-09 2.42E-07   .0082   .1444           1.592E+00
 21200.   .2015 0.00E+00 2.10E-07 5.01E-08 3.26E-08 2.38E-09 2.43E-07   .0080   .1422           1.602E+00
 21300.   .1994 0.00E+00 2.04E-07 4.88E-08 3.11E-08 2.23E-09 2.35E-07   .0077   .1399           1.613E+00
 21400.   .1972 0.00E+00 2.04E-07 4.89E-08 3.05E-08 2.15E-09 2.34E-07   .0075   .1376           1.623E+00
 21500.   .1951 0.00E+00 2.06E-07 4.97E-08 3.03E-08 2.09E-09 2.36E-07   .0072   .1352           1.634E+00
 21600.   .1930 0.00E+00 2.10E-07 5.10E-08 3.04E-08 2.06E-09 2.41E-07   .0070   .1327           1.645E+00
 21700.   .1910 0.00E+00 2.05E-07 4.99E-08 2.91E-08 1.94E-09 2.34E-07   .0068   .1306           1.656E+00
 21800.   .1890 0.00E+00 1.97E-07 4.81E-08 2.74E-08 1.79E-09 2.24E-07   .0066   .1285           1.666E+00
 21900.   .1870 0.00E+00 2.08E-07 5.09E-08 2.84E-08 1.82E-09 2.36E-07   .0064   .1264           1.677E+00
 22000.   .1851 0.00E+00 1.96E-07 4.84E-08 2.64E-08 1.67E-09 2.23E-07   .0062   .1243           1.687E+00
 22100.   .1831 0.00E+00 1.92E-07 4.75E-08 2.54E-08 1.57E-09 2.17E-07   .0060   .1222           1.698E+00
 22200.   .1812 0.00E+00 2.10E-07 5.21E-08 2.72E-08 1.65E-09 2.37E-07   .0058   .1201           1.708E+00
 22300.   .1793 0.00E+00 1.94E-07 4.83E-08 2.47E-08 1.47E-09 2.18E-07   .0056   .1180           1.719E+00
 22400.   .1774 0.00E+00 1.83E-07 4.58E-08 2.28E-08 1.34E-09 2.05E-07   .0054   .1159           1.729E+00
 22500.   .1755 0.00E+00 1.90E-07 4.79E-08 2.34E-08 1.35E-09 2.14E-07   .0052   .1139           1.740E+00
 22600.   .1737 0.00E+00 1.90E-07 4.81E-08 2.30E-08 1.30E-09 2.13E-07   .0051   .1119           1.751E+00
 22700.   .1719 0.00E+00 1.65E-07 4.18E-08 1.95E-08 1.09E-09 1.84E-07   .0049   .1099           1.761E+00
 22800.   .1701 0.00E+00 1.51E-07 3.86E-08 1.76E-08 9.62E-10 1.69E-07   .0048   .1079           1.772E+00
 22900.   .1683 0.00E+00 1.83E-07 4.69E-08 2.10E-08 1.12E-09 2.04E-07   .0046   .1060           1.782E+00
 23000.   .1665 0.00E+00 1.57E-07 4.03E-08 1.76E-08 9.27E-10 1.74E-07   .0045   .1041           1.793E+00
 23100.   .1647 0.00E+00 1.56E-07 4.03E-08 1.72E-08 8.91E-10 1.73E-07   .0043   .1022           1.803E+00
 23200.   .1630 0.00E+00 1.32E-07 3.42E-08 1.43E-08 7.26E-10 1.46E-07   .0042   .1003           1.814E+00
 23300.   .1613 0.00E+00 1.45E-07 3.76E-08 1.54E-08 7.68E-10 1.60E-07   .0041   .0985           1.825E+00
 23400.   .1596 0.00E+00 1.47E-07 3.83E-08 1.54E-08 7.51E-10 1.62E-07   .0039   .0967           1.835E+00
 23500.   .1579 0.00E+00 1.56E-07 4.09E-08 1.60E-08 7.71E-10 1.72E-07   .0038   .0949           1.846E+00
 23600.   .1562 0.00E+00 1.60E-07 4.20E-08 1.61E-08 7.60E-10 1.76E-07   .0037   .0931           1.856E+00
 23700.   .1546 0.00E+00 1.55E-07 4.09E-08 1.53E-08 7.11E-10 1.70E-07   .0036   .0913           1.867E+00
 23800.   .1529 0.00E+00 1.57E-07 4.16E-08 1.53E-08 6.95E-10 1.72E-07   .0035   .0896           1.878E+00
 23900.   .1513 0.00E+00 1.52E-07 4.03E-08 1.45E-08 6.47E-10 1.66E-07   .0033   .0878           1.889E+00
 24000.   .1497 0.00E+00 1.64E-07 4.37E-08 1.54E-08 6.75E-10 1.79E-07   .0032   .0861           1.899E+00
 24100.   .1481 0.00E+00 1.54E-07 4.12E-08 1.42E-08 6.11E-10 1.68E-07   .0031   .0844           1.910E+00
 24200.   .1465 0.00E+00 1.57E-07 4.21E-08 1.42E-08 5.99E-10 1.71E-07   .0030   .0828           1.921E+00
 24300.   .1449 0.00E+00 1.61E-07 4.34E-08 1.43E-08 5.94E-10 1.75E-07   .0029   .0812           1.932E+00
 24400.   .1434 0.00E+00 1.41E-07 3.82E-08 1.23E-08 5.02E-10 1.53E-07   .0028   .0795           1.942E+00
 24500.   .1418 0.00E+00 1.52E-07 4.14E-08 1.31E-08 5.23E-10 1.65E-07   .0027   .0779           1.953E+00
 24600.   .1403 0.00E+00 1.42E-07 3.86E-08 1.19E-08 4.68E-10 1.54E-07   .0027   .0764           1.964E+00
 24700.   .1388 0.00E+00 1.41E-07 3.86E-08 1.17E-08 4.50E-10 1.53E-07   .0026   .0748           1.975E+00
 24800.   .1373 0.00E+00 1.47E-07 4.04E-08 1.19E-08 4.52E-10 1.59E-07   .0025   .0733           1.986E+00
 24900.   .1358 0.00E+00 1.56E-07 4.29E-08 1.24E-08 4.61E-10 1.68E-07   .0024   .0718           1.997E+00
 25000.   .1343 0.00E+00 1.41E-07 3.89E-08 1.10E-08 4.02E-10 1.52E-07   .0023   .0703           2.008E+00
 25100.   .1328 0.00E+00 1.29E-07 3.56E-08 9.87E-09 3.53E-10 1.38E-07   .0022   .0688           2.019E+00
 25200.   .1314 0.00E+00 5.67E-08 1.57E-08 4.27E-09 1.50E-10 6.09E-08   .0022   .0673           2.030E+00
 25300.   .1299 0.00E+00 1.20E-07 3.36E-08 8.91E-09 3.07E-10 1.29E-07   .0021   .0659           2.041E+00
 25400.   .1285 0.00E+00 4.64E-08 1.30E-08 3.37E-09 1.14E-10 4.98E-08   .0020   .0645           2.052E+00
 25500.   .1271 0.00E+00 9.65E-08 2.70E-08 6.88E-09 2.28E-10 1.03E-07   .0020   .0631           2.063E+00
 25600.   .1257 0.00E+00 1.23E-07 3.45E-08 8.58E-09 2.79E-10 1.31E-07   .0019   .0617           2.074E+00
 25700.   .1243 0.00E+00 9.03E-08 2.55E-08 6.20E-09 1.98E-10 9.65E-08   .0018   .0604           2.085E+00
 25800.   .1229 0.00E+00 7.88E-08 2.23E-08 5.31E-09 1.66E-10 8.41E-08   .0018   .0590           2.097E+00
 25900.   .1215 0.00E+00 8.42E-08 2.39E-08 5.57E-09 1.71E-10 8.98E-08   .0017   .0577           2.108E+00
 26000.   .1201 0.00E+00 8.48E-08 2.41E-08 5.51E-09 1.66E-10 9.03E-08   .0016   .0564           2.119E+00
 26100.   .1188 0.00E+00 5.26E-08 1.50E-08 3.35E-09 9.90E-11 5.60E-08   .0016   .0551           2.131E+00
 26200.   .1174 0.00E+00 8.36E-08 2.39E-08 5.23E-09 1.51E-10 8.89E-08   .0015   .0539           2.142E+00
 26300.   .1161 0.00E+00 9.82E-08 2.81E-08 6.02E-09 1.71E-10 1.04E-07   .0015   .0527           2.153E+00
 26400.   .1148 0.00E+00 9.96E-08 2.86E-08 5.99E-09 1.67E-10 1.06E-07   .0014   .0514           2.165E+00
 26500.   .1134 0.00E+00 1.01E-07 2.91E-08 5.98E-09 1.63E-10 1.07E-07   .0014   .0502           2.177E+00
 26600.   .1121 0.00E+00 9.11E-08 2.63E-08 5.28E-09 1.41E-10 9.64E-08   .0013   .0490           2.188E+00
 26700.   .1108 0.00E+00 7.10E-08 2.05E-08 4.03E-09 1.06E-10 7.50E-08   .0013   .0479           2.200E+00
 26800.   .1095 0.00E+00 7.13E-08 2.06E-08 3.97E-09 1.02E-10 7.52E-08   .0012   .0467           2.211E+00
 26900.   .1083 0.00E+00 1.02E-07 2.97E-08 5.60E-09 1.41E-10 1.08E-07   .0012   .0456           2.223E+00
 27000.   .1070 0.00E+00 8.65E-08 2.52E-08 4.64E-09 1.15E-10 9.12E-08   .0012   .0445           2.235E+00
 27100.   .1057 0.00E+00 9.69E-08 2.82E-08 5.10E-09 1.23E-10 1.02E-07   .0011   .0434           2.247E+00
 27200.   .1045 0.00E+00 9.30E-08 2.72E-08 4.80E-09 1.14E-10 9.78E-08   .0011   .0423           2.259E+00
 27300.   .1032 0.00E+00 9.82E-08 2.87E-08 4.97E-09 1.15E-10 1.03E-07   .0010   .0413           2.271E+00
 27400.   .1020 0.00E+00 8.89E-08 2.60E-08 4.41E-09 1.00E-10 9.33E-08   .0010   .0402           2.283E+00
 27500.   .1008 0.00E+00 7.28E-08 2.14E-08 3.54E-09 7.89E-11 7.64E-08   .0010   .0392           2.295E+00
 27600.   .0996 0.00E+00 8.85E-08 2.60E-08 4.22E-09 9.20E-11 9.27E-08   .0009   .0382           2.307E+00
 27700.   .0983 0.00E+00 6.70E-08 1.97E-08 3.13E-09 6.69E-11 7.01E-08   .0009   .0372           2.319E+00
 27800.   .0971 0.00E+00 8.88E-08 2.62E-08 4.07E-09 8.51E-11 9.29E-08   .0009   .0362           2.332E+00
 27900.   .0959 0.00E+00 4.78E-08 1.41E-08 2.15E-09 4.39E-11 4.99E-08   .0008   .0353           2.344E+00
 28000.   .0948 0.00E+00 7.14E-08 2.11E-08 3.14E-09 6.30E-11 7.45E-08   .0008   .0343           2.356E+00
 28100.   .0936 0.00E+00 7.59E-08 2.25E-08 3.28E-09 6.42E-11 7.92E-08   .0008   .0334           2.369E+00
 28200.   .0924 0.00E+00 8.50E-08 2.52E-08 3.59E-09 6.89E-11 8.86E-08   .0007   .0325           2.381E+00
 28300.   .0913 0.00E+00 8.13E-08 2.41E-08 3.37E-09 6.32E-11 8.47E-08   .0007   .0316           2.394E+00
 28400.   .0901 0.00E+00 6.53E-08 1.94E-08 2.65E-09 4.87E-11 6.80E-08   .0007   .0307           2.407E+00
 28500.   .0890 0.00E+00 8.33E-08 2.48E-08 3.31E-09 5.95E-11 8.66E-08   .0007   .0299           2.419E+00
 28600.   .0878 0.00E+00 6.32E-08 1.88E-08 2.46E-09 4.32E-11 6.56E-08   .0006   .0291           2.432E+00
 28700.   .0867 0.00E+00 6.75E-08 2.01E-08 2.58E-09 4.43E-11 7.01E-08   .0006   .0282           2.445E+00
 28800.   .0855 0.00E+00 7.52E-08 2.24E-08 2.81E-09 4.72E-11 7.80E-08   .0006   .0273           2.459E+00
 28900.   .0845 0.00E+00 6.22E-08 1.85E-08 2.28E-09 3.74E-11 6.44E-08   .0006   .0266           2.472E+00
 29000.   .0833 0.00E+00 7.16E-08 2.14E-08 2.57E-09 4.12E-11 7.42E-08   .0005   .0257           2.486E+00
 29100.   .0822 0.00E+00 7.80E-08 2.33E-08 2.74E-09 4.29E-11 8.07E-08   .0005   .0249           2.499E+00
 29200.   .0812 0.00E+00 7.25E-08 2.17E-08 2.49E-09 3.82E-11 7.50E-08   .0005   .0243           2.511E+00
 29300.   .0800 0.00E+00 6.50E-08 1.94E-08 2.19E-09 3.28E-11 6.72E-08   .0005   .0235           2.526E+00
 29400.   .0786 0.00E+00 8.39E-08 2.52E-08 2.76E-09 4.04E-11 8.66E-08   .0004   .0222           2.543E+00
 29500.   .0779 0.00E+00 7.64E-08 2.29E-08 2.46E-09 3.52E-11 7.89E-08   .0004   .0221           2.553E+00
 29600.   .0765 0.00E+00 6.54E-08 1.96E-08 2.06E-09 2.88E-11 6.74E-08   .0004   .0208           2.570E+00
 29700.   .0754 0.00E+00 5.96E-08 1.79E-08 1.83E-09 2.50E-11 6.14E-08   .0004   .0202           2.584E+00
 29800.   .0745 0.00E+00 8.06E-08 2.42E-08 2.42E-09 3.23E-11 8.30E-08   .0004   .0199           2.597E+00
 29900.   .0730 0.00E+00 7.53E-08 2.27E-08 2.20E-09 2.87E-11 7.75E-08   .0003   .0187           2.617E+00
 30000.   .0719 0.00E+00 6.79E-08 2.05E-08 1.94E-09 2.46E-11 6.98E-08   .0003   .0180           2.633E+00
 30100.   .0709 0.00E+00 6.11E-08 1.84E-08 1.70E-09 2.11E-11 6.28E-08   .0003   .0176           2.646E+00
 30200.   .0686 0.00E+00 6.32E-08 1.93E-08 1.70E-09 2.07E-11 6.49E-08   .0003   .0153           2.679E+00
 30300.   .0685 0.00E+00 8.38E-08 2.54E-08 2.22E-09 2.62E-11 8.60E-08   .0003   .0160           2.682E+00
 30400.   .0673 0.00E+00 6.99E-08 2.12E-08 1.80E-09 2.08E-11 7.17E-08   .0003   .0152           2.699E+00
 30500.   .0646 0.00E+00 5.34E-08 1.65E-08 1.33E-09 1.50E-11 5.47E-08   .0002   .0127           2.739E+00
 30600.   .0650 0.00E+00 6.94E-08 2.12E-08 1.70E-09 1.86E-11 7.11E-08   .0002   .0140           2.734E+00
 30700.   .0627 0.00E+00 5.93E-08 1.83E-08 1.40E-09 1.51E-11 6.06E-08   .0002   .0119           2.769E+00
 30800.   .0614 0.00E+00 4.75E-08 1.47E-08 1.09E-09 1.15E-11 4.86E-08   .0002   .0112           2.790E+00
 30900.   .0611 0.00E+00 4.06E-08 1.25E-08 9.10E-10 9.31E-12 4.15E-08   .0002   .0116           2.795E+00
 31000.   .0579 0.00E+00 3.38E-08 1.07E-08 7.23E-10 7.31E-12 3.45E-08   .0001   .0089           2.848E+00
 31100.   .0581 0.00E+00 3.65E-08 1.14E-08 7.68E-10 7.52E-12 3.72E-08   .0002   .0096           2.845E+00
 31200.   .0560 0.00E+00 4.38E-08 1.39E-08 8.88E-10 8.53E-12 4.47E-08   .0001   .0082           2.882E+00
 31300.   .0535 0.00E+00 2.69E-08 8.69E-09 5.24E-10 4.95E-12 2.75E-08   .0001   .0066           2.928E+00
 31400.   .0532 0.00E+00 2.86E-08 9.15E-09 5.44E-10 4.99E-12 2.91E-08   .0001   .0068           2.933E+00
 31500.   .0510 0.00E+00 3.14E-08 1.02E-08 5.73E-10 5.16E-12 3.20E-08   .0001   .0056           2.975E+00
 31600.   .0496 0.00E+00 2.30E-08 7.53E-09 4.05E-10 3.57E-12 2.34E-08   .0001   .0050           3.003E+00
 31700.   .0469 0.00E+00 1.94E-08 6.55E-09 3.25E-10 2.83E-12 1.97E-08   .0001   .0038           3.061E+00
 31800.   .0465 0.00E+00 1.23E-08 4.13E-09 2.01E-10 1.70E-12 1.25E-08   .0001   .0038           3.068E+00
 31900.   .0431 0.00E+00 1.35E-08 4.70E-09 2.07E-10 1.73E-12 1.37E-08   .0000   .0026           3.145E+00
 32000.   .0424 0.00E+00 1.38E-08 4.82E-09 2.06E-10 1.68E-12 1.40E-08   .0000   .0025           3.161E+00
 32100.   .0392 0.00E+00 1.13E-08 4.09E-09 1.57E-10 1.27E-12 1.14E-08   .0000   .0016           3.240E+00
 32200.   .0379 0.00E+00 9.80E-09 3.59E-09 1.31E-10 1.03E-12 9.93E-09   .0000   .0014           3.272E+00
 32300.   .0363 0.00E+00 6.28E-09 2.34E-09 8.01E-11 6.17E-13 6.36E-09   .0000   .0012           3.317E+00
 32400.   .0330 0.00E+00 4.99E-09 1.95E-09 5.86E-11 4.47E-13 5.04E-09   .0000   .0007           3.411E+00
 32500.   .0317 0.00E+00 4.07E-09 1.62E-09 4.55E-11 3.39E-13 4.11E-09   .0000   .0006           3.453E+00
 32600.   .0284 0.00E+00 1.85E-09 7.75E-10 1.87E-11 1.38E-13 1.86E-09   .0000   .0003           3.560E+00
 32700.   .0263 0.00E+00 9.89E-10 4.31E-10 9.27E-12 6.74E-14 9.98E-10   .0000   .0002           3.636E+00
 32800.   .0240 0.00E+00 9.92E-10 4.53E-10 8.44E-12 6.05E-14 1.00E-09   .0000   .0001           3.729E+00
 32900.   .0212 0.00E+00 5.83E-10 2.84E-10 4.36E-12 3.09E-14 5.87E-10   .0000   .0001           3.855E+00
 33000.   .0195 0.00E+00 4.27E-10 2.15E-10 2.89E-12 2.01E-14 4.30E-10   .0000   .0000           3.935E+00
 33100.   .0165 0.00E+00 8.57E-11 4.71E-11 4.77E-13 3.30E-15 8.62E-11   .0000   .0000           4.104E+00
 33200.   .0148 0.00E+00 1.04E-10 6.01E-11 5.01E-13 3.42E-15 1.05E-10   .0000   .0000           4.212E+00
 33300.   .0123 0.00E+00 2.75E-11 1.73E-11 1.02E-13 6.90E-16 2.76E-11   .0000   .0000           4.400E+00
 33400.   .0104 0.00E+00 1.79E-11 1.20E-11 5.08E-14 3.43E-16 1.80E-11   .0000   .0000           4.566E+00
 33500.   .0085 0.00E+00 5.73E-12 4.12E-12 1.14E-14 7.76E-17 5.74E-12   .0000   .0000           4.766E+00
 33600.   .0069 0.00E+00 5.07E-12 3.87E-12 6.66E-15 4.53E-17 5.08E-12   .0000   .0000           4.982E+00
 33700.   .0052 0.00E+00 9.33E-13 7.56E-13 6.81E-16 4.67E-18 9.34E-13   .0000   .0000           5.260E+00
 33800.   .0041 0.00E+00 6.71E-13 5.63E-13 2.79E-16 1.91E-18 6.71E-13   .0000   .0000           5.505E+00
 33900.   .0029 0.00E+00 1.36E-13 1.18E-13 2.45E-17 1.69E-19 1.36E-13   .0000   .0000           5.850E+00
 34000.   .0021 0.00E+00 5.53E-14 4.88E-14 4.61E-18 3.20E-20 5.53E-14   .0000   .0000           6.153E+00
 -9999.
    2    3    1    0    2    2    2    2    2    2    1    0   -1    .000    .00
    2    1    1    0    0    0     5.000      .000      .000      .000      .000
   -99.000   -99.000   -99.000       -99
   -99.000   -99.000   -99.000
   33MIDLATITUDE SUMMER
      .000   100.000    80.000   479.887     4.189      .000    0
  -99  -99  -99  -99
   -99.000   -99.000   -99.000   -99.000   -99.000   -99.000   -99.000   -99.000
   740.000  1250.000     5.000
    1
  FREQ   TRANS     ATMOS   PATH     SINGLE   GROUND DIRECT   TOTAL RAD
   740.   .0001 1.29E-05                                                                        9.883E+00
   745.   .0001 1.28E-05                                                                        9.029E+00
   750.   .0004 1.28E-05                                                                        7.942E+00
   755.   .0009 1.27E-05                                                                        6.960E+00
   760.   .0023 1.26E-05                                                                        6.069E+00
   765.   .0043 1.25E-05                                                                        5.457E+00
   770.   .0063 1.24E-05                                                                        5.068E+00
   775.   .0083 1.23E-05                                                                        4.796E+00
   780.   .0095 1.22E-05                                                                        4.656E+00
   785.   .0103 1.21E-05                                                                        4.575E+00
   790.   .0111 1.20E-05                                                                        4.497E+00
   795.   .0117 1.19E-05                                                                        4.448E+00
   800.   .0138 1.18E-05                                                                        4.282E+00
   805.   .0178 1.17E-05                                                                        4.029E+00
   810.   .0231 1.15E-05                                                                        3.767E+00
   815.   .0297 1.14E-05                                                                        3.518E+00
   820.   .0362 1.12E-05                                                                        3.318E+00
   825.   .0407 1.11E-05                                                                        3.201E+00
   830.   .0456 1.09E-05                                                                        3.088E+00
   835.   .0488 1.08E-05                                                                        3.021E+00
   840.   .0497 1.07E-05                                                                        3.002E+00
   845.   .0517 1.06E-05                                                                        2.962E+00
   850.   .0524 1.05E-05                                                                        2.949E+00
   855.   .0554 1.04E-05                                                                        2.893E+00
   860.   .0619 1.03E-05                                                                        2.783E+00
   865.   .0666 1.01E-05                                                                        2.709E+00
   870.   .0716 9.99E-06                                                                        2.636E+00
   875.   .0745 9.88E-06                                                                        2.596E+00
   880.   .0757 9.78E-06                                                                        2.580E+00
   885.   .0793 9.66E-06                                                                        2.535E+00
   890.   .0845 9.53E-06                                                                        2.471E+00
   895.   .0900 9.38E-06                                                                        2.408E+00
   900.   .0957 9.24E-06                                                                        2.347E+00
   905.   .0989 9.13E-06                                                                        2.313E+00
   910.   .1000 9.05E-06                                                                        2.303E+00
   915.   .1019 8.95E-06                                                                        2.284E+00
   920.   .1042 8.85E-06                                                                        2.262E+00
   925.   .1083 8.73E-06                                                                        2.223E+00
   930.   .1132 8.60E-06                                                                        2.178E+00
   935.   .1156 8.50E-06                                                                        2.157E+00
   940.   .1169 8.41E-06                                                                        2.147E+00
   945.   .1173 8.33E-06                                                                        2.143E+00
   950.   .1181 8.24E-06                                                                        2.136E+00
   955.   .1194 8.16E-06                                                                        2.126E+00
   960.   .1204 8.07E-06                                                                        2.117E+00
   965.   .1198 7.99E-06                                                                        2.122E+00
   970.   .1181 7.92E-06                                                                        2.136E+00
   975.   .1181 7.83E-06                                                                        2.136E+00
   980.   .1214 7.70E-06                                                                        2.109E+00
   985.   .1236 7.56E-06                                                                        2.091E+00
   990.   .1217 7.44E-06                                                                        2.106E+00
   995.   .1111 7.38E-06                                                                        2.197E+00
  1000.   .0910 7.39E-06                                                                        2.397E+00
  1005.   .0666 7.44E-06                                                                        2.709E+00
  1010.   .0440 7.49E-06                                                                        3.123E+00
  1015.   .0270 7.53E-06                                                                        3.611E+00
  1020.   .0170 7.54E-06                                                                        4.077E+00
  1025.   .0119 7.52E-06                                                                        4.433E+00
  1030.   .0104 7.47E-06                                                                        4.563E+00
  1035.   .0100 7.40E-06                                                                        4.608E+00
  1040.   .0095 7.34E-06                                                                        4.657E+00
  1045.   .0087 7.28E-06                                                                        4.749E+00
  1050.   .0074 7.24E-06                                                                        4.903E+00
  1055.   .0097 7.15E-06                                                                        4.639E+00
  1060.   .0197 7.00E-06                                                                        3.929E+00
  1065.   .0458 6.79E-06                                                                        3.083E+00
  1070.   .0778 6.60E-06                                                                        2.554E+00
  1075.   .0926 6.49E-06                                                                        2.380E+00
  1080.   .1018 6.38E-06                                                                        2.285E+00
  1085.   .1067 6.29E-06                                                                        2.238E+00
  1090.   .1099 6.21E-06                                                                        2.208E+00
  1095.   .1114 6.14E-06                                                                        2.195E+00
  1100.   .1087 6.10E-06                                                                        2.219E+00
  1105.   .1063 6.05E-06                                                                        2.241E+00
  1110.   .1052 5.99E-06                                                                        2.252E+00
  1115.   .1070 5.91E-06                                                                        2.235E+00
  1120.   .1053 5.84E-06                                                                        2.251E+00
  1125.   .1035 5.79E-06                                                                        2.269E+00
  1130.   .1006 5.74E-06                                                                        2.296E+00
  1135.   .0922 5.74E-06                                                                        2.384E+00
  1140.   .0903 5.68E-06                                                                        2.405E+00
  1145.   .0887 5.63E-06                                                                        2.423E+00
  1150.   .0845 5.60E-06                                                                        2.471E+00
  1155.   .0876 5.51E-06                                                                        2.435E+00
  1160.   .0849 5.47E-06                                                                        2.467E+00
  1165.   .0785 5.45E-06                                                                        2.544E+00
  1170.   .0752 5.41E-06                                                                        2.588E+00
  1175.   .0685 5.39E-06                                                                        2.681E+00
  1180.   .0683 5.33E-06                                                                        2.684E+00
  1185.   .0689 5.26E-06                                                                        2.675E+00
  1190.   .0722 5.18E-06                                                                        2.628E+00
  1195.   .0747 5.10E-06                                                                        2.594E+00
  1200.   .0715 5.06E-06                                                                        2.638E+00
  1205.   .0649 5.04E-06                                                                        2.735E+00
  1210.   .0506 5.07E-06                                                                        2.984E+00
  1215.   .0408 5.07E-06                                                                        3.200E+00
  1220.   .0363 5.03E-06                                                                        3.315E+00
  1225.   .0320 4.99E-06                                                                        3.442E+00
  1230.   .0304 4.94E-06                                                                        3.493E+00
  1235.   .0234 4.92E-06                                                                        3.756E+00
  1240.   .0150 4.91E-06                                                                        4.203E+00
  1245.   .0082 4.90E-06                                                                        4.805E+00
  1250.   .0038 4.88E-06                                                                        5.583E+00
 -9999.
    2    3    1    1    2    2    2    2    2    2    1    0   -1    .000    .00
    2    1    1    0    0    0     5.000      .000      .000      .000      .000
   -99.000   -99.000   -99.000       -99
   -99.000   -99.000   -99.000
   33MIDLATITUDE SUMMER
      .000   100.000    80.000   479.887     4.189      .000    0
  -99  -99  -99  -99
   -99.000   -99.000   -99.000   -99.000   -99.000   -99.000   -99.000   -99.000
   740.000  1250.000     5.000
    1
  FREQ   TRANS     ATMOS   PATH     SINGLE   GROUND DIRECT   TOTAL RAD
   740.   .0001 1.29E-05                                                                        9.883E+00
   745.   .0001 1.28E-05                                                                        9.029E+00
   750.   .0004 1.28E-05                                                                        7.942E+00
   755.   .0009 1.27E-05                                                                        6.960E+00
   760.   .0023 1.25E-05                                                                        6.069E+00
   765.   .0043 1.24E-05                                                                        5.457E+00
   770.   .0063 1.23E-05                                                                        5.068E+00
   775.   .0083 1.22E-05                                                                        4.796E+00
   780.   .0095 1.21E-05                                                                        4.656E+00
   785.   .0103 1.20E-05                                                                        4.575E+00
   790.   .0111 1.19E-05                                                                        4.497E+00
   795.   .0117 1.18E-05                                                                        4.448E+00
   800.   .0138 1.17E-05                                                                        4.282E+00
   805.   .0178 1.16E-05                                                                        4.029E+00
   810.   .0231 1.14E-05                                                                        3.767E+00
   815.   .0297 1.11E-05                                                                        3.518E+00
   820.   .0362 1.09E-05                                                                        3.318E+00
   825.   .0407 1.08E-05                                                                        3.201E+00
   830.   .0456 1.06E-05                                                                        3.088E+00
   835.   .0488 1.05E-05                                                                        3.021E+00
   840.   .0497 1.04E-05                                                                        3.002E+00
   845.   .0517 1.03E-05                                                                        2.962E+00
   850.   .0524 1.02E-05                                                                        2.949E+00
   855.   .0554 1.01E-05                                                                        2.893E+00
   860.   .0619 9.90E-06                                                                        2.783E+00
   865.   .0666 9.73E-06                                                                        2.709E+00
   870.   .0716 9.56E-06                                                                        2.636E+00
   875.   .0745 9.44E-06                                                                        2.596E+00
   880.   .0757 9.35E-06                                                                        2.580E+00
   885.   .0793 9.22E-06                                                                        2.535E+00
   890.   .0845 9.05E-06                                                                        2.471E+00
   895.   .0900 8.88E-06                                                                        2.408E+00
   900.   .0957 8.71E-06                                                                        2.347E+00
   905.   .0989 8.59E-06                                                                        2.313E+00
   910.   .1000 8.51E-06                                                                        2.303E+00
   915.   .1019 8.42E-06                                                                        2.284E+00
   920.   .1042 8.31E-06                                                                        2.262E+00
   925.   .1083 8.18E-06                                                                        2.223E+00
   930.   .1132 8.03E-06                                                                        2.178E+00
   935.   .1156 7.92E-06                                                                        2.157E+00
   940.   .1169 7.84E-06                                                                        2.147E+00
   945.   .1173 7.76E-06                                                                        2.143E+00
   950.   .1181 7.68E-06                                                                        2.136E+00
   955.   .1194 7.60E-06                                                                        2.126E+00
   960.   .1204 7.51E-06                                                                        2.117E+00
   965.   .1198 7.44E-06                                                                        2.122E+00
   970.   .1181 7.39E-06                                                                        2.136E+00
   975.   .1181 7.29E-06                                                                        2.136E+00
   980.   .1214 7.13E-06                                                                        2.109E+00
   985.   .1236 6.97E-06                                                                        2.091E+00
   990.   .1217 6.84E-06                                                                        2.106E+00
   995.   .1111 6.79E-06                                                                        2.197E+00
  1000.   .0910 6.84E-06                                                                        2.397E+00
  1005.   .0666 6.93E-06                                                                        2.709E+00
  1010.   .0440 7.04E-06                                                                        3.123E+00
  1015.   .0270 7.13E-06                                                                        3.611E+00
  1020.   .0170 7.18E-06                                                                        4.077E+00
  1025.   .0119 7.19E-06                                                                        4.433E+00
  1030.   .0104 7.15E-06                                                                        4.563E+00
  1035.   .0100 7.08E-06                                                                        4.608E+00
  1040.   .0095 7.03E-06                                                                        4.657E+00
  1045.   .0087 6.99E-06                                                                        4.749E+00
  1050.   .0074 6.96E-06                                                                        4.903E+00
  1055.   .0097 6.87E-06                                                                        4.639E+00
  1060.   .0197 6.69E-06                                                                        3.929E+00
  1065.   .0458 6.46E-06                                                                        3.083E+00
  1070.   .0778 6.24E-06                                                                        2.554E+00
  1075.   .0926 6.12E-06                                                                        2.380E+00
  1080.   .1018 6.00E-06                                                                        2.285E+00
  1085.   .1067 5.91E-06                                                                        2.238E+00
  1090.   .1099 5.83E-06                                                                        2.208E+00
  1095.   .1114 5.76E-06                                                                        2.195E+00
  1100.   .1087 5.76E-06                                                                        2.219E+00
  1105.   .1063 5.73E-06                                                                        2.241E+00
  1110.   .1052 5.68E-06                                                                        2.252E+00
  1115.   .1070 5.58E-06                                                                        2.235E+00
  1120.   .1053 5.52E-06                                                                        2.251E+00
  1125.   .1035 5.46E-06                                                                        2.269E+00
  1130.   .1006 5.42E-06                                                                        2.296E+00
  1135.   .0922 5.47E-06                                                                        2.384E+00
  1140.   .0903 5.42E-06                                                                        2.405E+00
  1145.   .0887 5.37E-06                                                                        2.423E+00
  1150.   .0845 5.35E-06                                                                        2.471E+00
  1155.   .0876 5.28E-06                                                                        2.435E+00
  1160.   .0849 5.28E-06                                                                        2.467E+00
  1165.   .0785 5.31E-06                                                                        2.544E+00
  1170.   .0752 5.30E-06                                                                        2.588E+00
  1175.   .0685 5.31E-06                                                                        2.681E+00
  1180.   .0683 5.25E-06                                                                        2.684E+00
  1185.   .0689 5.19E-06                                                                        2.675E+00
  1190.   .0722 5.11E-06                                                                        2.628E+00
  1195.   .0747 5.04E-06                                                                        2.594E+00
  1200.   .0715 5.01E-06                                                                        2.638E+00
  1205.   .0649 5.01E-06                                                                        2.735E+00
  1210.   .0506 5.05E-06                                                                        2.984E+00
  1215.   .0408 5.06E-06                                                                        3.200E+00
  1220.   .0363 5.03E-06                                                                        3.315E+00
  1225.   .0320 4.99E-06                                                                        3.442E+00
  1230.   .0304 4.93E-06                                                                        3.493E+00
  1235.   .0234 4.90E-06                                                                        3.756E+00
  1240.   .0150 4.90E-06                                                                        4.203E+00
  1245.   .0082 4.89E-06                                                                        4.805E+00
  1250.   .0038 4.87E-06                                                                        5.583E+00
 -9999.
    6    2    0    0    6    6    6    6    6    6    1    0    0    .000    .00
    1    1    1    0    0    0    23.000      .000      .000      .000     1.500
   -99.000   -99.000   -99.000       -99
   -99.000   -99.000   -99.000
   331976 U S STANDARD
     1.500     6.000      .000     4.500      .000      .000    0
  -99  -99  -99  -99
   -99.000   -99.000   -99.000   -99.000   -99.000   -99.000   -99.000   -99.000
   990.000  1090.000     5.000
    1
  FREQ   TOTAL     H2O     CO2+ OZONE    TRACE  N2 CON  H2O CON MOL SCAT AER-HYD HNO3   AER-HYD
   990.   .9324   .9865   .9903   .9908   .9995  1.0000   .9799  1.0000   .9836  1.0000   .0076 6.995E-02
   995.   .9315   .9867   .9943   .9858   .9993  1.0000   .9802  1.0000   .9834  1.0000   .0077 7.094E-02
  1000.   .9226   .9827   .9966   .9779   .9992  1.0000   .9804  1.0000   .9832  1.0000   .0078 8.060E-02
  1005.   .9097   .9799   .9977   .9664   .9991  1.0000   .9807  1.0000   .9828  1.0000   .0083 9.460E-02
  1010.   .8929   .9775   .9977   .9511   .9991  1.0000   .9810  1.0000   .9823  1.0000   .0089 1.133E-01
  1015.   .8733   .9751   .9968   .9336   .9990  1.0000   .9812  1.0000   .9818  1.0000   .0094 1.355E-01
  1020.   .8561   .9755   .9951   .9167   .9990  1.0000   .9814  1.0000   .9813  1.0000   .0099 1.553E-01
  1025.   .8423   .9756   .9928   .9043   .9989  1.0000   .9816  1.0000   .9809  1.0000   .0104 1.716E-01
  1030.   .8358   .9757   .9896   .9003   .9988  1.0000   .9818  1.0000   .9804  1.0000   .0109 1.794E-01
  1035.   .8330   .9780   .9858   .8991   .9987  1.0000   .9819  1.0000   .9800  1.0000   .0114 1.827E-01
  1040.   .8288   .9784   .9816   .8983   .9986  1.0000   .9821  1.0000   .9795  1.0000   .0118 1.878E-01
  1045.   .8230   .9781   .9778   .8961   .9986  1.0000   .9822  1.0000   .9791  1.0000   .0123 1.949E-01
  1050.   .8146   .9752   .9754   .8919   .9986  1.0000   .9824  1.0000   .9786  1.0000   .0128 2.051E-01
  1055.   .8205   .9722   .9743   .9026   .9986  1.0000   .9825  1.0000   .9782  1.0000   .0133 1.978E-01
  1060.   .8414   .9687   .9736   .9297   .9987  1.0000   .9826  1.0000   .9778  1.0000   .0137 1.727E-01
  1065.   .8684   .9673   .9724   .9627   .9986  1.0000   .9826  1.0000   .9773  1.0000   .0142 1.411E-01
  1070.   .8866   .9697   .9697   .9835   .9986  1.0000   .9827  1.0000   .9769  1.0000   .0146 1.204E-01
  1075.   .8921   .9707   .9679   .9909   .9986  1.0000   .9827  1.0000   .9765  1.0000   .0151 1.142E-01
  1080.   .8987   .9744   .9690   .9937   .9986  1.0000   .9827  1.0000   .9761  1.0000   .0155 1.068E-01
  1085.   .9035   .9737   .9741   .9949   .9986  1.0000   .9827  1.0000   .9757  1.0000   .0160 1.014E-01
  1090.   .9073   .9696   .9818   .9954   .9987  1.0000   .9827  1.0000   .9756  1.0000   .0159 9.731E-02
 -9999.
    6    3    3    0    6    6    6    6    6    6    1    0    0    .000    .00
    1    1    1    0    0    0    23.000      .000      .000      .000      .000
   -99.000   -99.000   -99.000       -99
   -99.000   -99.000   -99.000
   331976 U S STANDARD
      .000   100.000    60.000   195.704     1.501      .000    0
  -99  -99   74    0
   -99.000   -99.000   -99.000   -99.000   -99.000   -99.000      .000   -99.000
  6000.000  7500.000    20.000
    1
  FREQ   TRANS     SOL TR  SOLAR
  6000.   .8398 5.42E-06 6.46E-06                                                               1.746E-01
  6020.   .8424 5.48E-06 6.51E-06                                                               1.714E-01
  6040.   .8384 5.43E-06 6.48E-06                                                               1.763E-01
  6060.   .8315 5.37E-06 6.46E-06                                                               1.845E-01
  6080.   .8343 5.35E-06 6.41E-06                                                               1.811E-01
  6100.   .8404 5.38E-06 6.41E-06                                                               1.739E-01
  6120.   .8546 5.53E-06 6.47E-06                                                               1.572E-01
  6140.   .8608 5.61E-06 6.52E-06                                                               1.499E-01
  6160.   .8593 5.52E-06 6.43E-06                                                               1.516E-01
  6180.   .8417 5.40E-06 6.41E-06                                                               1.723E-01
  6200.   .8133 5.21E-06 6.41E-06                                                               2.066E-01
  6220.   .7947 5.04E-06 6.35E-06                                                               2.298E-01
  6240.   .7834 5.01E-06 6.39E-06                                                               2.441E-01
  6260.   .8275 5.25E-06 6.35E-06                                                               1.894E-01
  6280.   .8491 5.37E-06 6.32E-06                                                               1.635E-01
  6300.   .8461 5.43E-06 6.41E-06                                                               1.671E-01
  6320.   .8168 5.28E-06 6.46E-06                                                               2.024E-01
  6340.   .7899 5.14E-06 6.51E-06                                                               2.358E-01
  6360.   .7719 5.02E-06 6.50E-06                                                               2.589E-01
  6380.   .8252 5.40E-06 6.54E-06                                                               1.921E-01
  6400.   .8500 5.64E-06 6.63E-06                                                               1.626E-01
  6420.   .8539 5.69E-06 6.67E-06                                                               1.579E-01
  6440.   .8495 5.65E-06 6.65E-06                                                               1.631E-01
  6460.   .8469 5.62E-06 6.64E-06                                                               1.662E-01
  6480.   .8294 5.49E-06 6.61E-06                                                               1.870E-01
  6500.   .8210 5.39E-06 6.57E-06                                                               1.973E-01
  6520.   .8060 5.36E-06 6.65E-06                                                               2.157E-01
  6540.   .7925 5.39E-06 6.80E-06                                                               2.326E-01
  6560.   .7848 5.30E-06 6.76E-06                                                               2.423E-01
  6580.   .7545 5.07E-06 6.72E-06                                                               2.817E-01
  6600.   .7164 4.82E-06 6.73E-06                                                               3.335E-01
  6620.   .6904 4.65E-06 6.73E-06                                                               3.705E-01
  6640.   .6350 4.30E-06 6.77E-06                                                               4.541E-01
  6660.   .6210 4.20E-06 6.76E-06                                                               4.764E-01
  6680.   .5320 3.62E-06 6.81E-06                                                               6.310E-01
  6700.   .4456 3.03E-06 6.80E-06                                                               8.083E-01
  6720.   .2877 1.93E-06 6.70E-06                                                               1.246E+00
  6740.   .2264 1.52E-06 6.71E-06                                                               1.486E+00
  6760.   .1728 1.17E-06 6.76E-06                                                               1.756E+00
  6780.   .2092 1.42E-06 6.80E-06                                                               1.564E+00
  6800.   .0797 5.41E-07 6.79E-06                                                               2.530E+00
  6820.   .1224 8.33E-07 6.81E-06                                                               2.101E+00
  6840.   .1832 1.25E-06 6.80E-06                                                               1.697E+00
  6860.   .2244 1.49E-06 6.65E-06                                                               1.494E+00
  6880.   .1341 9.13E-07 6.81E-06                                                               2.009E+00
  6900.   .0912 6.21E-07 6.81E-06                                                               2.395E+00
  6920.   .0762 5.18E-07 6.79E-06                                                               2.574E+00
  6940.   .0712 4.91E-07 6.90E-06                                                               2.643E+00
  6960.   .0531 3.68E-07 6.92E-06                                                               2.935E+00
  6980.   .0456 3.19E-07 7.00E-06                                                               3.089E+00
  7000.   .0568 4.05E-07 7.13E-06                                                               2.869E+00
  7020.   .0484 3.43E-07 7.09E-06                                                               3.027E+00
  7040.   .0294 2.06E-07 7.00E-06                                                               3.527E+00
  7060.   .0222 1.55E-07 6.98E-06                                                               3.808E+00
  7080.   .0095 6.66E-08 6.98E-06                                                               4.652E+00
  7100.   .0018 1.26E-08 7.00E-06                                                               6.323E+00
  7120.   .0008 5.33E-09 7.01E-06                                                               7.182E+00
  7140.   .0002 1.55E-09 7.03E-06                                                               8.419E+00
  7160.   .0001 8.08E-10 7.04E-06                                                               9.072E+00
  7180.   .0001 1.02E-09 7.03E-06                                                               8.840E+00
  7200.   .0002 1.58E-09 7.06E-06                                                               8.405E+00
  7220.   .0000 3.75E-11 7.06E-06                                                               1.215E+01
  7240.   .0000 1.16E-11 7.04E-06                                                               1.331E+01
  7260.   .0002 1.37E-09 7.05E-06                                                               8.546E+00
  7280.   .0002 1.19E-09 7.04E-06                                                               8.686E+00
  7300.   .0000 4.32E-12 7.00E-06                                                               1.430E+01
  7320.   .0000 4.54E-12 7.02E-06                                                               1.425E+01
  7340.   .0000 8.08E-13 7.09E-06                                                               1.599E+01
  7360.   .0000 4.80E-11 7.11E-06                                                               1.191E+01
  7380.   .0002 1.40E-09 7.13E-06                                                               8.536E+00
  7400.   .0054 3.85E-08 7.17E-06                                                               5.229E+00
  7420.   .0480 3.47E-07 7.23E-06                                                               3.037E+00
  7440.   .2152 1.56E-06 7.25E-06                                                               1.536E+00
  7460.   .3039 2.20E-06 7.24E-06                                                               1.191E+00
  7480.   .2828 2.05E-06 7.24E-06                                                               1.263E+00
  7500.   .2278 1.65E-06 7.26E-06                                                               1.479E+00
 -9999.
    6    2    0    0    6    6    6    6    6    6    1    0    0    .000    .00
    1    1    8    0    0    0    23.000      .000      .000      .000      .000
   -99.000   -99.000   -99.000       -99
   -99.000   -99.000   -99.000
   331976 U S STANDARD
    30.000    30.000    94.466  1041.390     9.331      .000    1
  -99  -99  -99  -99
   -99.000   -99.000   -99.000   -99.000   -99.000   -99.000   -99.000   -99.000
   990.000  1090.000     5.000
    1
  FREQ   TOTAL     H2O     CO2+ OZONE    TRACE  N2 CON  H2O CON MOL SCAT AER-HYD HNO3   AER-HYD
   990.   .0043   .9958   .9584   .3482   .9995  1.0000   .9988  1.0000   .0130  1.0000   .8832 5.443E+00
   995.   .0023   .9959   .9752   .1933   .9994  1.0000   .9988  1.0000   .0124  1.0000   .8856 6.067E+00
  1000.   .0009   .9946   .9854   .0775   .9993  1.0000   .9988  1.0000   .0118  1.0000   .8880 7.023E+00
  1005.   .0002   .9932   .9899   .0199   .9992  1.0000   .9988  1.0000   .0116  1.0000   .8870 8.393E+00
  1010.   .0000   .9924   .9898   .0032   .9992  1.0000   .9988  1.0000   .0114  1.0000   .8860 1.023E+01
  1015.   .0000   .9916   .9860   .0004   .9991  1.0000   .9988  1.0000   .0113  1.0000   .8849 1.238E+01
  1020.   .0000   .9917   .9790   .0000   .9991  1.0000   .9988  1.0000   .0111  1.0000   .8839 1.450E+01
  1025.   .0000   .9918   .9688   .0000   .9990  1.0000   .9988  1.0000   .0109  1.0000   .8829 1.608E+01
  1030.   .0000   .9918   .9555   .0000   .9989  1.0000   .9987  1.0000   .0108  1.0000   .8819 1.661E+01
  1035.   .0000   .9926   .9394   .0000   .9988  1.0000   .9987  1.0000   .0106  1.0000   .8809 1.679E+01
  1040.   .0000   .9927   .9219   .0000   .9988  1.0000   .9987  1.0000   .0105  1.0000   .8798 1.693E+01
  1045.   .0000   .9926   .9066   .0000   .9987  1.0000   .9987  1.0000   .0104  1.0000   .8788 1.725E+01
  1050.   .0000   .9916   .8971   .0000   .9988  1.0000   .9987  1.0000   .0102  1.0000   .8778 1.780E+01
  1055.   .0000   .9906   .8924   .0000   .9988  1.0000   .9987  1.0000   .0101  1.0000   .8768 1.646E+01
  1060.   .0000   .9894   .8899   .0002   .9988  1.0000   .9987  1.0000   .0100  1.0000   .8758 1.308E+01
  1065.   .0001   .9889   .8848   .0128   .9987  1.0000   .9987  1.0000   .0098  1.0000   .8748 9.118E+00
  1070.   .0012   .9898   .8744   .1481   .9987  1.0000   .9986  1.0000   .0097  1.0000   .8738 6.693E+00
  1075.   .0029   .9901   .8671   .3503   .9986  1.0000   .9986  1.0000   .0096  1.0000   .8727 5.852E+00
  1080.   .0040   .9914   .8714   .4865   .9985  1.0000   .9986  1.0000   .0095  1.0000   .8717 5.530E+00
  1085.   .0046   .9911   .8917   .5598   .9985  1.0000   .9986  1.0000   .0093  1.0000   .8707 5.380E+00
  1090.   .0050   .9897   .9228   .5921   .9985  1.0000   .9985  1.0000   .0093  1.0000   .8688 5.297E+00
 -9999.
    1    2    0    0    1    1    1    1    1    1    1    0    0    .000    .00
    1    1    1    0   19    0    23.000      .000      .000      .000      .000
      .200    11.000      .028         0
   -99.000   -99.000   -99.000
   33TROPICAL MODEL
     7.000    12.000    91.452   500.190     4.487      .000    1
  -99  -99  -99  -99
   -99.000   -99.000   -99.000   -99.000   -99.000   -99.000   -99.000   -99.000
   900.000  1145.000     5.000
    1
  FREQ   TOTAL     H2O     CO2+ OZONE    TRACE  N2 CON  H2O CON MOL SCAT AER-HYD HNO3   AER-HYD
   900.   .1801   .8403   .9363  1.0000   .9954  1.0000   .2714  1.0000   .8725   .9712   .0985 1.714E+00
   905.   .1838   .8391   .9203  1.0000   .9949  1.0000   .2791  1.0000   .8752   .9793   .0972 1.694E+00
   910.   .1822   .8196   .9038  1.0000   .9933  1.0000   .2870  1.0000   .8778   .9830   .0959 1.703E+00
   915.   .1824   .8149   .8852  1.0000   .9894  1.0000   .2945  1.0000   .8799   .9864   .0948 1.701E+00
   920.   .1826   .8148   .8620  1.0000   .9831  1.0000   .3023  1.0000   .8820   .9920   .0937 1.700E+00
   925.   .1858   .8346   .8329  1.0000   .9769  1.0000   .3095  1.0000   .8841  1.0000   .0926 1.683E+00
   930.   .1890   .8686   .7957  1.0000   .9740  1.0000   .3169  1.0000   .8862  1.0000   .0915 1.666E+00
   935.   .1869   .8811   .7541  1.0000   .9777  1.0000   .3239  1.0000   .8882  1.0000   .0905 1.677E+00
   940.   .1833   .8790   .7186   .9999   .9843  1.0000   .3312  1.0000   .8902  1.0000   .0894 1.697E+00
   945.   .1808   .8644   .7028   .9996   .9883  1.0000   .3380  1.0000   .8916  1.0000   .0885 1.710E+00
   950.   .1811   .8489   .7048   .9987   .9880  1.0000   .3449  1.0000   .8896  1.0000   .0878 1.709E+00
   955.   .1833   .8375   .7145   .9966   .9849  1.0000   .3516  1.0000   .8877  1.0000   .0872 1.697E+00
   960.   .1841   .8295   .7190   .9920   .9801  1.0000   .3584  1.0000   .8857  1.0000   .0866 1.692E+00
   965.   .1794   .8235   .7032   .9828   .9782  1.0000   .3646  1.0000   .8839  1.0000   .0859 1.718E+00
   970.   .1726   .8133   .6825   .9663   .9833  1.0000   .3709  1.0000   .8820  1.0000   .0853 1.757E+00
   975.   .1717   .8181   .6810   .9394   .9891  1.0000   .3768  1.0000   .8801  1.0000   .0847 1.762E+00
   980.   .1811   .8476   .7118   .8989   .9933  1.0000   .3828  1.0000   .8783  1.0000   .0841 1.709E+00
   985.   .1936   .8761   .7751   .8414   .9957  1.0000   .3882  1.0000   .8765  1.0000   .0835 1.642E+00
   990.   .1992   .8999   .8478   .7616   .9956  1.0000   .3938  1.0000   .8747  1.0000   .0829 1.613E+00
   995.   .1852   .9012   .9070   .6543   .9946  1.0000   .3988  1.0000   .8730  1.0000   .0824 1.686E+00
  1000.   .1491   .8731   .9446   .5168   .9938  1.0000   .4039  1.0000   .8712  1.0000   .0818 1.903E+00
  1005.   .1036   .8441   .9614   .3639   .9929  1.0000   .4087  1.0000   .8641  1.0000   .0869 2.268E+00
  1010.   .0635   .8270   .9609   .2271   .9924  1.0000   .4135  1.0000   .8570  1.0000   .0920 2.757E+00
  1015.   .0355   .8100   .9466   .1312   .9923  1.0000   .4177  1.0000   .8501  1.0000   .0970 3.339E+00
  1020.   .0202   .8129   .9207   .0764   .9919  1.0000   .4219  1.0000   .8434  1.0000   .1019 3.903E+00
  1025.   .0130   .8138   .8841   .0510   .9913  1.0000   .4255  1.0000   .8367  1.0000   .1067 4.346E+00
  1030.   .0108   .8144   .8377   .0449   .9904  1.0000   .4290  1.0000   .8301  1.0000   .1115 4.528E+00
  1035.   .0099   .8306   .7842   .0431   .9895  1.0000   .4319  1.0000   .8237  1.0000   .1162 4.617E+00
  1040.   .0090   .8335   .7290   .0420   .9891  1.0000   .4347  1.0000   .8174  1.0000   .1208 4.714E+00
  1045.   .0078   .8311   .6829   .0390   .9888  1.0000   .4374  1.0000   .8112  1.0000   .1253 4.858E+00
  1050.   .0063   .8110   .6556   .0340   .9889  1.0000   .4401  1.0000   .8051  1.0000   .1298 5.061E+00
  1055.   .0086   .7902   .6422   .0483   .9892  1.0000   .4421  1.0000   .7991  1.0000   .1343 4.759E+00
  1060.   .0197   .7671   .6354   .1161   .9892  1.0000   .4442  1.0000   .7932  1.0000   .1386 3.926E+00
  1065.   .0530   .7576   .6214   .3246   .9889  1.0000   .4452  1.0000   .7874  1.0000   .1429 2.938E+00
  1070.   .0966   .7737   .5933   .6107   .9886  1.0000   .4461  1.0000   .7816  1.0000   .1471 2.337E+00
  1075.   .1169   .7805   .5743   .7628   .9883  1.0000   .4460  1.0000   .7760  1.0000   .1513 2.146E+00
  1080.   .1329   .8054   .5856   .8303   .9883  1.0000   .4458  1.0000   .7705  1.0000   .1554 2.018E+00
  1085.   .1486   .8005   .6403   .8609   .9885  1.0000   .4452  1.0000   .7651  1.0000   .1595 1.907E+00
  1090.   .1662   .7728   .7320   .8735   .9891  1.0000   .4446  1.0000   .7650  1.0000   .1578 1.795E+00
  1095.   .1809   .7360   .8281   .8802   .9896  1.0000   .4435  1.0000   .7682  1.0000   .1524 1.710E+00
  1100.   .1842   .6806   .9039   .8862   .9898  1.0000   .4423  1.0000   .7715  1.0000   .1470 1.692E+00
  1105.   .1837   .6471   .9485   .8893   .9898  1.0000   .4388  1.0000   .7747  1.0000   .1416 1.695E+00
  1110.   .1825   .6371   .9637   .8865   .9898  1.0000   .4353  1.0000   .7779  1.0000   .1362 1.701E+00
  1115.   .1836   .6574   .9530   .8787   .9895  1.0000   .4329  1.0000   .7785  1.0000   .1343 1.695E+00
  1120.   .1743   .6576   .9198   .8694   .9893  1.0000   .4304  1.0000   .7782  1.0000   .1333 1.747E+00
  1125.   .1631   .6608   .8695   .8640   .9893  1.0000   .4269  1.0000   .7780  1.0000   .1324 1.813E+00
  1130.   .1487   .6542   .8046   .8669   .9895  1.0000   .4234  1.0000   .7778  1.0000   .1314 1.906E+00
  1135.   .1238   .6033   .7267   .8775   .9898  1.0000   .4182  1.0000   .7775  1.0000   .1305 2.089E+00
  1140.   .1109   .6042   .6466   .8930   .9903  1.0000   .4131  1.0000   .7773  1.0000   .1296 2.199E+00
  1145.   .0998   .6112   .5773   .9088   .9910  1.0000   .4043  1.0000   .7771  1.0000   .1286 2.304E+00
 -9999.
    1    1    0    0    1    1    1    1    1    1    1    0    0    .000    .00
    3    1    1    3    0    0    66.311     4.100     4.100      .000      .000
   -99.000   -99.000   -99.000       -99
   -99.000   -99.000   -99.000
   33TROPICAL MODEL
      .000      .000      .000    10.000      .000      .000    0
  -99  -99  -99  -99
   -99.000   -99.000   -99.000   -99.000   -99.000   -99.000   -99.000   -99.000
   900.000  1145.000     5.000
    1
  FREQ   TOTAL     H2O     CO2+ OZONE    TRACE  N2 CON  H2O CON MOL SCAT AER-HYD HNO3   AER-HYD
   900.   .0165   .8277   .9847  1.0000   .9983  1.0000   .0214  1.0000   .9496   .9995   .0316 4.105E+00
   905.   .0179   .8264   .9808  1.0000   .9982  1.0000   .0233  1.0000   .9500   .9997   .0307 4.021E+00
   910.   .0190   .8056   .9767  1.0000   .9976  1.0000   .0255  1.0000   .9503   .9997   .0299 3.962E+00
   915.   .0204   .8005   .9720  1.0000   .9961  1.0000   .0277  1.0000   .9503   .9998   .0292 3.892E+00
   920.   .0220   .8005   .9661  1.0000   .9938  1.0000   .0301  1.0000   .9502   .9999   .0286 3.818E+00
   925.   .0241   .8216   .9583  1.0000   .9915  1.0000   .0325  1.0000   .9502  1.0000   .0281 3.725E+00
   930.   .0269   .8580   .9481  1.0000   .9904  1.0000   .0351  1.0000   .9502  1.0000   .0275 3.617E+00
   935.   .0290   .8715   .9362  1.0000   .9918  1.0000   .0377  1.0000   .9501  1.0000   .0269 3.541E+00
   940.   .0308   .8692   .9257  1.0000   .9942  1.0000   .0405  1.0000   .9501  1.0000   .0263 3.481E+00
   945.   .0322   .8535   .9209  1.0000   .9957  1.0000   .0433  1.0000   .9500  1.0000   .0258 3.436E+00
   950.   .0337   .8369   .9215   .9999   .9956  1.0000   .0463  1.0000   .9497  1.0000   .0255 3.389E+00
   955.   .0354   .8247   .9245   .9997   .9944  1.0000   .0492  1.0000   .9494  1.0000   .0252 3.340E+00
   960.   .0373   .8162   .9258   .9994   .9927  1.0000   .0524  1.0000   .9490  1.0000   .0250 3.289E+00
   965.   .0389   .8097   .9209   .9987   .9920  1.0000   .0555  1.0000   .9487  1.0000   .0247 3.247E+00
   970.   .0403   .7989   .9144   .9975   .9939  1.0000   .0587  1.0000   .9484  1.0000   .0244 3.210E+00
   975.   .0428   .8039   .9138   .9954   .9960  1.0000   .0619  1.0000   .9481  1.0000   .0242 3.152E+00
   980.   .0472   .8355   .9233   .9921   .9976  1.0000   .0653  1.0000   .9478  1.0000   .0239 3.053E+00
   985.   .0522   .8661   .9420   .9872   .9984  1.0000   .0685  1.0000   .9475  1.0000   .0236 2.953E+00
   990.   .0571   .8917   .9620   .9800   .9984  1.0000   .0719  1.0000   .9472  1.0000   .0234 2.863E+00
   995.   .0600   .8931   .9773   .9689   .9980  1.0000   .0751  1.0000   .9469  1.0000   .0231 2.813E+00
  1000.   .0600   .8628   .9867   .9521   .9977  1.0000   .0784  1.0000   .9466  1.0000   .0229 2.813E+00
  1005.   .0595   .8405   .9908   .9276   .9974  1.0000   .0816  1.0000   .9460  1.0000   .0231 2.822E+00
  1010.   .0585   .8231   .9907   .8957   .9972  1.0000   .0850  1.0000   .9454  1.0000   .0233 2.839E+00
  1015.   .0567   .8057   .9872   .8599   .9972  1.0000   .0880  1.0000   .9448  1.0000   .0236 2.869E+00
  1020.   .0562   .8087   .9808   .8259   .9970  1.0000   .0912  1.0000   .9442  1.0000   .0238 2.878E+00
  1025.   .0558   .8095   .9715   .8016   .9968  1.0000   .0941  1.0000   .9437  1.0000   .0240 2.886E+00
  1030.   .0563   .8102   .9593   .7939   .9965  1.0000   .0971  1.0000   .9431  1.0000   .0242 2.877E+00
  1035.   .0579   .8267   .9445   .7916   .9961  1.0000   .0997  1.0000   .9425  1.0000   .0244 2.849E+00
  1040.   .0585   .8297   .9285   .7900   .9960  1.0000   .1024  1.0000   .9420  1.0000   .0246 2.839E+00
  1045.   .0585   .8273   .9143   .7857   .9959  1.0000   .1049  1.0000   .9414  1.0000   .0249 2.839E+00
  1050.   .0572   .8067   .9056   .7777   .9959  1.0000   .1074  1.0000   .9409  1.0000   .0251 2.861E+00
  1055.   .0580   .7855   .9013   .7983   .9960  1.0000   .1096  1.0000   .9403  1.0000   .0253 2.847E+00
  1060.   .0611   .7620   .8990   .8520   .9961  1.0000   .1118  1.0000   .9398  1.0000   .0255 2.796E+00
  1065.   .0657   .7522   .8943   .9197   .9960  1.0000   .1135  1.0000   .9393  1.0000   .0257 2.722E+00
  1070.   .0706   .7686   .8847   .9640   .9959  1.0000   .1153  1.0000   .9388  1.0000   .0259 2.650E+00
  1075.   .0727   .7756   .8779   .9801   .9958  1.0000   .1165  1.0000   .9382  1.0000   .0261 2.622E+00
  1080.   .0766   .8010   .8819   .9863   .9958  1.0000   .1178  1.0000   .9377  1.0000   .0263 2.569E+00
  1085.   .0786   .7960   .9007   .9889   .9959  1.0000   .1187  1.0000   .9372  1.0000   .0265 2.544E+00
  1090.   .0789   .7678   .9294   .9900   .9962  1.0000   .1196  1.0000   .9370  1.0000   .0264 2.540E+00
  1095.   .0776   .7303   .9568   .9906   .9964  1.0000   .1202  1.0000   .9369  1.0000   .0263 2.556E+00
  1100.   .0735   .6740   .9767   .9911   .9966  1.0000   .1207  1.0000   .9368  1.0000   .0261 2.610E+00
  1105.   .0705   .6400   .9883   .9913   .9967  1.0000   .1205  1.0000   .9368  1.0000   .0260 2.652E+00
  1110.   .0696   .6299   .9931   .9911   .9967  1.0000   .1202  1.0000   .9367  1.0000   .0259 2.665E+00
  1115.   .0716   .6505   .9927   .9904   .9967  1.0000   .1199  1.0000   .9368  1.0000   .0257 2.636E+00
  1120.   .0711   .6506   .9880   .9896   .9968  1.0000   .1196  1.0000   .9370  1.0000   .0256 2.644E+00
  1125.   .0704   .6539   .9802   .9892   .9969  1.0000   .1189  1.0000   .9371  1.0000   .0256 2.654E+00
  1130.   .0685   .6472   .9695   .9894   .9970  1.0000   .1181  1.0000   .9373  1.0000   .0255 2.681E+00
  1135.   .0615   .5956   .9555   .9903   .9972  1.0000   .1167  1.0000   .9374  1.0000   .0254 2.789E+00
  1140.   .0599   .5965   .9399   .9916   .9974  1.0000   .1153  1.0000   .9376  1.0000   .0253 2.814E+00
  1145.   .0585   .6036   .9249   .9929   .9976  1.0000   .1128  1.0000   .9377  1.0000   .0252 2.838E+00
 -9999.
    0    1    0    0    0    0    0    0    0    0    0    1    0    .000    .00
    1    1    1    0    0    0    23.000      .000      .000    10.000      .000
   -99.000   -99.000   -99.000       -99
   -99.000   -99.000   -99.000
    1    NSM RUN
      .000  1013.000    10.000  .100E+02  .000E+00  .000E+00  .000E+00  .300E+00
  -99  -99  -99  -99
   -99.000   -99.000   -99.000   -99.000   -99.000   -99.000   -99.000   -99.000
   900.000  1145.000     5.000
    1
  FREQ   TOTAL     H2O     CO2+ OZONE    TRACE  N2 CON  H2O CON MOL SCAT AER-HYD HNO3   AER-HYD
   900.   .6202   .9945   .9988  1.0000   .9998  1.0000   .9994  1.0000   .6249  1.0000   .2091 4.777E-01
   905.   .6199   .9944   .9985  1.0000   .9998  1.0000   .9994  1.0000   .6249  1.0000   .2091 4.781E-01
   910.   .6192   .9937   .9982  1.0000   .9997  1.0000   .9994  1.0000   .6249  1.0000   .2091 4.793E-01
   915.   .6187   .9935   .9978  1.0000   .9995  1.0000   .9994  1.0000   .6248  1.0000   .2091 4.801E-01
   920.   .6182   .9935   .9973  1.0000   .9992  1.0000   .9994  1.0000   .6248  1.0000   .2092 4.809E-01
   925.   .6181   .9943   .9967  1.0000   .9989  1.0000   .9994  1.0000   .6248  1.0000   .2092 4.811E-01
   930.   .6183   .9955   .9958  1.0000   .9988  1.0000   .9994  1.0000   .6248  1.0000   .2092 4.808E-01
   935.   .6180   .9960   .9948  1.0000   .9990  1.0000   .9994  1.0000   .6247  1.0000   .2092 4.812E-01
   940.   .6176   .9959   .9940  1.0000   .9993  1.0000   .9994  1.0000   .6247  1.0000   .2093 4.819E-01
   945.   .6171   .9954   .9936  1.0000   .9995  1.0000   .9995  1.0000   .6247  1.0000   .2093 4.827E-01
   950.   .6168   .9948   .9936  1.0000   .9994  1.0000   .9995  1.0000   .6247  1.0000   .2093 4.833E-01
   955.   .6165   .9944   .9939  1.0000   .9993  1.0000   .9995  1.0000   .6246  1.0000   .2094 4.836E-01
   960.   .6163   .9941   .9940  1.0000   .9991  1.0000   .9995  1.0000   .6246  1.0000   .2094 4.841E-01
   965.   .6158   .9938   .9936  1.0000   .9990  1.0000   .9995  1.0000   .6246  1.0000   .2094 4.849E-01
   970.   .6153   .9934   .9930  1.0000   .9992  1.0000   .9995  1.0000   .6245  1.0000   .2095 4.856E-01
   975.   .6155   .9936   .9930  1.0000   .9995  1.0000   .9995  1.0000   .6245  1.0000   .2095 4.853E-01
   980.   .6168   .9948   .9938  1.0000   .9997  1.0000   .9995  1.0000   .6245  1.0000   .2095 4.832E-01
   985.   .6185   .9958   .9953  1.0000   .9998  1.0000   .9995  1.0000   .6245  1.0000   .2095 4.805E-01
   990.   .6200   .9966   .9970  1.0000   .9998  1.0000   .9995  1.0000   .6244  1.0000   .2096 4.780E-01
   995.   .6208   .9967   .9982  1.0000   .9997  1.0000   .9995  1.0000   .6244  1.0000   .2096 4.768E-01
  1000.   .6205   .9957   .9990  1.0000   .9997  1.0000   .9995  1.0000   .6244  1.0000   .2096 4.772E-01
  1005.   .6204   .9953   .9993  1.0000   .9997  1.0000   .9995  1.0000   .6243  1.0000   .2097 4.774E-01
  1010.   .6200   .9947   .9993  1.0000   .9997  1.0000   .9995  1.0000   .6242  1.0000   .2098 4.781E-01
  1015.   .6194   .9941   .9990  1.0000   .9996  1.0000   .9995  1.0000   .6242  1.0000   .2099 4.790E-01
  1020.   .6190   .9942   .9985  1.0000   .9996  1.0000   .9995  1.0000   .6241  1.0000   .2100 4.796E-01
  1025.   .6185   .9943   .9977  1.0000   .9996  1.0000   .9995  1.0000   .6240  1.0000   .2101 4.804E-01
  1030.   .6178   .9943   .9967  1.0000   .9996  1.0000   .9995  1.0000   .6240  1.0000   .2102 4.815E-01
  1035.   .6173   .9948   .9955  1.0000   .9995  1.0000   .9995  1.0000   .6239  1.0000   .2103 4.824E-01
  1040.   .6165   .9949   .9942  1.0000   .9995  1.0000   .9995  1.0000   .6239  1.0000   .2104 4.837E-01
  1045.   .6156   .9949   .9930  1.0000   .9995  1.0000   .9995  1.0000   .6238  1.0000   .2104 4.851E-01
  1050.   .6147   .9942   .9923  1.0000   .9995  1.0000   .9995  1.0000   .6237  1.0000   .2105 4.866E-01
  1055.   .6140   .9935   .9919  1.0000   .9995  1.0000   .9995  1.0000   .6237  1.0000   .2106 4.878E-01
  1060.   .6133   .9926   .9917  1.0000   .9995  1.0000   .9995  1.0000   .6236  1.0000   .2107 4.889E-01
  1065.   .6127   .9923   .9913  1.0000   .9995  1.0000   .9995  1.0000   .6235  1.0000   .2108 4.898E-01
  1070.   .6125   .9929   .9904  1.0000   .9995  1.0000   .9995  1.0000   .6235  1.0000   .2109 4.902E-01
  1075.   .6122   .9931   .9898  1.0000   .9995  1.0000   .9995  1.0000   .6234  1.0000   .2110 4.907E-01
  1080.   .6129   .9940   .9902  1.0000   .9995  1.0000   .9995  1.0000   .6234  1.0000   .2110 4.895E-01
  1085.   .6138   .9938   .9918  1.0000   .9995  1.0000   .9995  1.0000   .6233  1.0000   .2111 4.881E-01
  1090.   .6147   .9928   .9943  1.0000   .9995  1.0000   .9995  1.0000   .6233  1.0000   .2111 4.866E-01
  1095.   .6153   .9915   .9965  1.0000   .9996  1.0000   .9995  1.0000   .6233  1.0000   .2110 4.857E-01
  1100.   .6150   .9893   .9981  1.0000   .9996  1.0000   .9995  1.0000   .6233  1.0000   .2110 4.862E-01
  1105.   .6147   .9879   .9991  1.0000   .9996  1.0000   .9995  1.0000   .6233  1.0000   .2109 4.867E-01
  1110.   .6146   .9875   .9994  1.0000   .9996  1.0000   .9995  1.0000   .6233  1.0000   .2109 4.867E-01
  1115.   .6152   .9884   .9994  1.0000   .9996  1.0000   .9995  1.0000   .6233  1.0000   .2108 4.859E-01
  1120.   .6149   .9884   .9990  1.0000   .9996  1.0000   .9995  1.0000   .6234  1.0000   .2108 4.863E-01
  1125.   .6146   .9885   .9983  1.0000   .9997  1.0000   .9994  1.0000   .6234  1.0000   .2108 4.867E-01
  1130.   .6139   .9882   .9974  1.0000   .9997  1.0000   .9994  1.0000   .6234  1.0000   .2107 4.879E-01
  1135.   .6118   .9860   .9962  1.0000   .9997  1.0000   .9994  1.0000   .6234  1.0000   .2107 4.913E-01
  1140.   .6110   .9861   .9948  1.0000   .9997  1.0000   .9994  1.0000   .6234  1.0000   .2107 4.926E-01
  1145.   .6104   .9864   .9934  1.0000   .9998  1.0000   .9994  1.0000   .6235  1.0000   .2107 4.936E-01
 -9999.
    6    2    0    0    6    6    6    6    6    6    1    0    0    .000    .00
    6    1    1    0    0    1    50.000      .000      .000      .000      .000
   -99.000   -99.000   -99.000       -99
      .000      .000      .000
   321976 U S STANDARD
      .000     1.800    45.000     2.545      .016      .000    0
  -99  -99  -99  -99
   -99.000   -99.000   -99.000   -99.000   -99.000   -99.000   -99.000   -99.000
   900.000  1145.000     5.000
    1
  FREQ   TOTAL     H2O     CO2+ OZONE    TRACE  N2 CON  H2O CON MOL SCAT AER-HYD HNO3   AER-HYD
   900.   .8116   .9568   .9954  1.0000   .9993  1.0000   .8546  1.0000   .9980   .9999   .0019 2.087E-01
   905.   .8132   .9564   .9943  1.0000   .9992  1.0000   .8577  1.0000   .9980   .9999   .0019 2.067E-01
   910.   .8101   .9508   .9930  1.0000   .9990  1.0000   .8608  1.0000   .9980   .9999   .0019 2.106E-01
   915.   .8100   .9493   .9916  1.0000   .9984  1.0000   .8637  1.0000   .9979   .9999   .0020 2.108E-01
   920.   .8104   .9493   .9898  1.0000   .9974  1.0000   .8666  1.0000   .9978  1.0000   .0020 2.102E-01
   925.   .8151   .9551   .9874  1.0000   .9965  1.0000   .8692  1.0000   .9978  1.0000   .0021 2.044E-01
   930.   .8229   .9649   .9843  1.0000   .9960  1.0000   .8719  1.0000   .9977  1.0000   .0021 1.949E-01
   935.   .8257   .9684   .9806  1.0000   .9966  1.0000   .8745  1.0000   .9977  1.0000   .0022 1.916E-01
   940.   .8256   .9678   .9773  1.0000   .9976  1.0000   .8770  1.0000   .9976  1.0000   .0022 1.917E-01
   945.   .8234   .9637   .9758  1.0000   .9982  1.0000   .8794  1.0000   .9976  1.0000   .0023 1.943E-01
   950.   .8219   .9593   .9760  1.0000   .9982  1.0000   .8817  1.0000   .9975  1.0000   .0024 1.961E-01
   955.   .8215   .9560   .9769   .9999   .9977  1.0000   .8839  1.0000   .9975  1.0000   .0024 1.967E-01
   960.   .8211   .9537   .9774   .9998   .9970  1.0000   .8862  1.0000   .9974  1.0000   .0025 1.971E-01
   965.   .8197   .9519   .9758   .9996   .9967  1.0000   .8882  1.0000   .9973  1.0000   .0025 1.988E-01
   970.   .8175   .9489   .9738   .9991   .9975  1.0000   .8902  1.0000   .9973  1.0000   .0026 2.015E-01
   975.   .8204   .9503   .9736   .9984   .9984  1.0000   .8921  1.0000   .9972  1.0000   .0026 1.979E-01
   980.   .8317   .9589   .9766   .9973   .9990  1.0000   .8940  1.0000   .9972  1.0000   .0027 1.843E-01
   985.   .8441   .9670   .9824   .9956   .9994  1.0000   .8957  1.0000   .9971  1.0000   .0027 1.694E-01
   990.   .8546   .9736   .9886   .9931   .9993  1.0000   .8974  1.0000   .9970  1.0000   .0028 1.571E-01
   995.   .8569   .9739   .9932   .9892   .9992  1.0000   .8990  1.0000   .9970  1.0000   .0028 1.544E-01
  1000.   .8487   .9661   .9960   .9832   .9991  1.0000   .9006  1.0000   .9969  1.0000   .0029 1.641E-01
  1005.   .8387   .9610   .9973   .9745   .9989  1.0000   .9020  1.0000   .9966  1.0000   .0032 1.759E-01
  1010.   .8256   .9564   .9972   .9628   .9989  1.0000   .9034  1.0000   .9963  1.0000   .0034 1.916E-01
  1015.   .8102   .9518   .9962   .9494   .9988  1.0000   .9047  1.0000   .9960  1.0000   .0037 2.105E-01
  1020.   .7990   .9526   .9943   .9363   .9988  1.0000   .9060  1.0000   .9957  1.0000   .0040 2.244E-01
  1025.   .7894   .9528   .9915   .9267   .9987  1.0000   .9071  1.0000   .9954  1.0000   .0043 2.364E-01
  1030.   .7847   .9530   .9877   .9236   .9985  1.0000   .9082  1.0000   .9952  1.0000   .0046 2.425E-01
  1035.   .7843   .9574   .9832   .9227   .9984  1.0000   .9092  1.0000   .9949  1.0000   .0048 2.429E-01
  1040.   .7810   .9582   .9782   .9221   .9984  1.0000   .9101  1.0000   .9946  1.0000   .0051 2.472E-01
  1045.   .7760   .9576   .9738   .9203   .9983  1.0000   .9109  1.0000   .9943  1.0000   .0054 2.537E-01
  1050.   .7671   .9521   .9710   .9171   .9983  1.0000   .9118  1.0000   .9940  1.0000   .0056 2.651E-01
  1055.   .7687   .9463   .9696   .9254   .9984  1.0000   .9125  1.0000   .9938  1.0000   .0059 2.631E-01
  1060.   .7804   .9397   .9689   .9464   .9984  1.0000   .9132  1.0000   .9935  1.0000   .0062 2.479E-01
  1065.   .7979   .9370   .9674   .9716   .9984  1.0000   .9137  1.0000   .9932  1.0000   .0064 2.258E-01
  1070.   .8125   .9416   .9643   .9875   .9983  1.0000   .9142  1.0000   .9929  1.0000   .0067 2.077E-01
  1075.   .8169   .9435   .9621   .9931   .9983  1.0000   .9145  1.0000   .9927  1.0000   .0069 2.022E-01
  1080.   .8259   .9505   .9634   .9953   .9983  1.0000   .9148  1.0000   .9924  1.0000   .0072 1.912E-01
  1085.   .8307   .9491   .9694   .9962   .9984  1.0000   .9150  1.0000   .9922  1.0000   .0074 1.855E-01
  1090.   .8322   .9413   .9785   .9965   .9985  1.0000   .9151  1.0000   .9922  1.0000   .0073 1.837E-01
  1095.   .8304   .9306   .9869   .9967   .9986  1.0000   .9152  1.0000   .9926  1.0000   .0070 1.858E-01
  1100.   .8209   .9137   .9930   .9969   .9986  1.0000   .9153  1.0000   .9929  1.0000   .0066 1.974E-01
  1105.   .8141   .9030   .9964   .9970   .9987  1.0000   .9150  1.0000   .9932  1.0000   .0063 2.057E-01
  1110.   .8122   .8997   .9978   .9969   .9987  1.0000   .9147  1.0000   .9935  1.0000   .0060 2.080E-01
  1115.   .8177   .9063   .9975   .9967   .9987  1.0000   .9145  1.0000   .9936  1.0000   .0059 2.013E-01
  1120.   .8160   .9064   .9958   .9964   .9988  1.0000   .9143  1.0000   .9936  1.0000   .0058 2.033E-01
  1125.   .8144   .9074   .9931   .9963   .9988  1.0000   .9139  1.0000   .9937  1.0000   .0057 2.053E-01
  1130.   .8093   .9053   .9894   .9963   .9989  1.0000   .9135  1.0000   .9938  1.0000   .0057 2.116E-01
  1135.   .7899   .8883   .9846   .9967   .9990  1.0000   .9128  1.0000   .9938  1.0000   .0056 2.358E-01
  1140.   .7856   .8885   .9790   .9971   .9990  1.0000   .9121  1.0000   .9939  1.0000   .0055 2.413E-01
  1145.   .7829   .8910   .9737   .9976   .9991  1.0000   .9109  1.0000   .9940  1.0000   .0055 2.448E-01
 -9999.
    6    2    0    0    6    6    6    6    6    6    1    0    0    .000    .00
    1    1    1    0    1    0    23.000      .000      .000      .000      .000
   -99.000   -99.000   -99.000       -99
   -99.000   -99.000   -99.000
   331976 U S STANDARD
      .000     6.000      .000     6.000      .000      .000    0
  -99  -99  -99  -99
   -99.000   -99.000   -99.000   -99.000   -99.000   -99.000   -99.000   -99.000
     5.000   100.000     5.000
    1
  FREQ   TOTAL     H2O     CO2+ OZONE    TRACE  N2 CON  H2O CON MOL SCAT AER-HYD HNO3   AER-HYD
     5.   .0101   .3282   .8624   .9994   .9999  1.0000   .6112  1.0000   .0586  1.0000   .9414 4.592E+00
    10.   .0001   .1007   .8744   .9991   .9998  1.0000   .1320  1.0000   .0120  1.0000   .9880 8.876E+00
    15.   .0000   .0190   .8913   .9985   .9997  1.0000   .0085  1.0000   .0012  1.0000   .9988 1.560E+01
    20.   .0000   .0018   .9087   .9979   .9995  1.0000   .0001  1.0000   .0001  1.0000   .9999 2.424E+01
    25.   .0000   .0001   .9199   .9974   .9991  1.0000   .0000  1.0000   .0000  1.0000  1.0000 3.550E+01
    30.   .0000   .0000   .9325   .9969   .9988  1.0000   .0000  1.0000   .0000  1.0000  1.0000 4.937E+01
    35.   .0000   .0000   .9359   .9966   .9984  1.0000   .0000  1.0000   .0000  1.0000  1.0000 6.813E+01
    40.   .0000   .0000   .9394   .9963   .9982  1.0000   .0000  1.0000   .0000  1.0000  1.0000 9.273E+01
    45.   .0000   .0000   .9409   .9960   .9980  1.0000   .0000  1.0000   .0000  1.0000  1.0000 1.140E+02
    50.   .0000   .0000   .9397   .9958   .9978  1.0000   .0000  1.0000   .0000  1.0000  1.0000 1.181E+02
    55.   .0000   .0000   .9436   .9956   .9976  1.0000   .0000  1.0000   .0000  1.0000  1.0000 1.237E+02
    60.   .0000   .0000   .9431   .9956   .9973  1.0000   .0000  1.0000   .0000  1.0000  1.0000 1.284E+02
    65.   .0000   .0000   .9480   .9957   .9970  1.0000   .0000  1.0000   .0000  1.0000  1.0000 1.336E+02
    70.   .0000   .0000   .9494   .9959   .9967  1.0000   .0000  1.0000   .0000  1.0000  1.0000 1.385E+02
    75.   .0000   .0000   .9531   .9963   .9964  1.0000   .0000  1.0000   .0000  1.0000  1.0000 1.429E+02
    80.   .0000   .0000   .9569   .9967   .9960  1.0000   .0000  1.0000   .0000  1.0000  1.0000 1.461E+02
    85.   .0000   .0000   .9592   .9972   .9958  1.0000   .0000  1.0000   .0000  1.0000  1.0000 1.504E+02
    90.   .0000   .0000   .9646   .9977   .9955  1.0000   .0000  1.0000   .0000  1.0000  1.0000 1.565E+02
    95.   .0000   .0000   .9665   .9981   .9953  1.0000   .0000  1.0000   .0000  1.0000  1.0000 1.571E+02
   100.   .0000   .0000   .9711   .9985   .9950  1.0000   .0000  1.0000   .0000  1.0000  1.0000 1.548E+02
 -9999.
    6    2    0    0    6    6    6    6    6    6    1    0    0    .000    .00
    1    1    1    0    1    0    23.000      .000      .000      .000     1.500
   -99.000   -99.000   -99.000       -99
   -99.000   -99.000   -99.000
   321976 U S STANDARD
     1.500     6.000      .000     4.500      .000      .000    0
  -99  -99  -99  -99
   -99.000   -99.000   -99.000   -99.000   -99.000   -99.000   -99.000   -99.000
     5.000   100.000     5.000
    1
  FREQ   TOTAL     H2O     CO2+ OZONE    TRACE  N2 CON  H2O CON MOL SCAT AER-HYD HNO3   AER-HYD
     5.   .0234   .4915   .8928   .9996   .9999  1.0000   .8123  1.0000   .0658  1.0000   .9342 3.754E+00
    10.   .0018   .2315   .9024   .9993   .9999  1.0000   .4252  1.0000   .0201  1.0000   .9799 6.328E+00
    15.   .0000   .0799   .9157   .9989   .9998  1.0000   .1335  1.0000   .0026  1.0000   .9974 1.060E+01
    20.   .0000   .0177   .9294   .9984   .9996  1.0000   .0238  1.0000   .0003  1.0000   .9997 1.589E+01
    25.   .0000   .0024   .9381   .9980   .9994  1.0000   .0017  1.0000   .0001  1.0000   .9999 2.232E+01
    30.   .0000   .0002   .9480   .9977   .9991  1.0000   .0000  1.0000   .0000  1.0000  1.0000 2.990E+01
    35.   .0000   .0000   .9506   .9974   .9989  1.0000   .0000  1.0000   .0000  1.0000  1.0000 4.126E+01
    40.   .0000   .0000   .9533   .9972   .9987  1.0000   .0000  1.0000   .0000  1.0000  1.0000 5.726E+01
    45.   .0000   .0000   .9545   .9970   .9985  1.0000   .0000  1.0000   .0000  1.0000  1.0000 7.156E+01
    50.   .0000   .0000   .9535   .9968   .9984  1.0000   .0000  1.0000   .0000  1.0000  1.0000 8.604E+01
    55.   .0000   .0000   .9566   .9967   .9982  1.0000   .0000  1.0000   .0000  1.0000  1.0000 1.062E+02
    60.   .0000   .0000   .9562   .9967   .9980  1.0000   .0000  1.0000   .0000  1.0000  1.0000 1.136E+02
    65.   .0000   .0000   .9599   .9967   .9978  1.0000   .0000  1.0000   .0000  1.0000  1.0000 1.169E+02
    70.   .0000   .0000   .9610   .9969   .9976  1.0000   .0000  1.0000   .0000  1.0000  1.0000 1.200E+02
    75.   .0000   .0000   .9639   .9972   .9973  1.0000   .0000  1.0000   .0000  1.0000  1.0000 1.228E+02
    80.   .0000   .0000   .9668   .9975   .9971  1.0000   .0000  1.0000   .0000  1.0000  1.0000 1.249E+02
    85.   .0000   .0000   .9686   .9979   .9969  1.0000   .0000  1.0000   .0000  1.0000  1.0000 1.276E+02
    90.   .0000   .0000   .9727   .9982   .9967  1.0000   .0000  1.0000   .0000  1.0000  1.0000 1.315E+02
    95.   .0000   .0000   .9742   .9986   .9965  1.0000   .0000  1.0000   .0000  1.0000  1.0000 1.319E+02
   100.   .0000   .0000   .9778   .9988   .9963  1.0000   .0000  1.0000   .0000  1.0000  1.0000 1.304E+02
 -9999.
    7    2    0    0    0    0    0    0    0    0    0    1    0    .000    .00
    1    1    1    0    0    0    23.000      .000      .000      .000     1.500
   -99.000   -99.000   -99.000       -99
   -99.000   -99.000   -99.000
    4     TEST  "DENVER"
     1.500     6.000      .000     4.500      .000      .000    0
  -99  -99  -99  -99
   -99.000   -99.000   -99.000   -99.000   -99.000   -99.000   -99.000   -99.000
  1000.000  1005.000     5.000
    1
  FREQ   TOTAL     H2O     CO2+ OZONE    TRACE  N2 CON  H2O CON MOL SCAT AER-HYD HNO3   AER-HYD
  1000.   .9218   .9827   .9967   .9780   .9992  1.0000   .9803  1.0000   .9825  1.0000   .0082 8.142E-02
  1005.   .9090   .9799   .9977   .9664   .9991  1.0000   .9806  1.0000   .9820  1.0000   .0088 9.543E-02
 -9999.
    6    2    0    0    6    6    6    6    6    6    1    0    0    .000    .00
   10    1    1    0    0    0    56.915    10.000      .000      .000      .000
   -99.000   -99.000   -99.000       -99
   -99.000   -99.000   -99.000
   331976 U S STANDARD
      .000     6.000      .000     6.000      .000      .000    0
  -99  -99  -99  -99
   -99.000   -99.000   -99.000   -99.000   -99.000   -99.000   -99.000   -99.000
   990.000  1090.000     5.000
    0
  FREQ   TOTAL     H2O     CO2+ OZONE    TRACE  N2 CON  H2O CON MOL SCAT AER-HYD HNO3   AER-HYD
   990.   .8705   .9777   .9857   .9881   .9992  1.0000   .9451  1.0000   .9681  1.0000   .0126 1.387E-01
   995.   .8706   .9780   .9915   .9815   .9990  1.0000   .9459  1.0000   .9680  1.0000   .0128 1.386E-01
  1000.   .8594   .9714   .9950   .9714   .9989  1.0000   .9467  1.0000   .9680  1.0000   .0130 1.515E-01
  1005.   .8437   .9669   .9966   .9566   .9987  1.0000   .9474  1.0000   .9675  1.0000   .0129 1.699E-01
  1010.   .8231   .9630   .9965   .9369   .9986  1.0000   .9481  1.0000   .9669  1.0000   .0129 1.947E-01
  1015.   .7992   .9590   .9952   .9146   .9986  1.0000   .9487  1.0000   .9663  1.0000   .0128 2.241E-01
  1020.   .7791   .9597   .9928   .8931   .9985  1.0000   .9494  1.0000   .9658  1.0000   .0127 2.496E-01
  1025.   .7628   .9599   .9893   .8775   .9984  1.0000   .9499  1.0000   .9652  1.0000   .0126 2.708E-01
  1030.   .7549   .9600   .9846   .8725   .9983  1.0000   .9505  1.0000   .9647  1.0000   .0126 2.811E-01
  1035.   .7520   .9638   .9790   .8710   .9981  1.0000   .9509  1.0000   .9641  1.0000   .0125 2.850E-01
  1040.   .7467   .9645   .9727   .8700   .9980  1.0000   .9514  1.0000   .9636  1.0000   .0124 2.920E-01
  1045.   .7395   .9639   .9672   .8671   .9980  1.0000   .9518  1.0000   .9630  1.0000   .0123 3.017E-01
  1050.   .7289   .9592   .9638   .8620   .9980  1.0000   .9522  1.0000   .9625  1.0000   .0123 3.163E-01
  1055.   .7350   .9543   .9620   .8754   .9981  1.0000   .9525  1.0000   .9620  1.0000   .0122 3.080E-01
  1060.   .7584   .9487   .9611   .9097   .9981  1.0000   .9528  1.0000   .9615  1.0000   .0121 2.765E-01
  1065.   .7897   .9463   .9593   .9518   .9980  1.0000   .9530  1.0000   .9610  1.0000   .0120 2.361E-01
  1070.   .8118   .9503   .9554   .9786   .9980  1.0000   .9532  1.0000   .9605  1.0000   .0120 2.086E-01
  1075.   .8184   .9520   .9527   .9882   .9979  1.0000   .9533  1.0000   .9600  1.0000   .0119 2.004E-01
  1080.   .8277   .9579   .9543   .9919   .9980  1.0000   .9533  1.0000   .9595  1.0000   .0118 1.892E-01
  1085.   .8341   .9568   .9618   .9934   .9980  1.0000   .9533  1.0000   .9590  1.0000   .0118 1.814E-01
  1090.   .8368   .9501   .9731   .9941   .9982  1.0000   .9534  1.0000   .9569  1.0000   .0132 1.781E-01
 -9999.
